100
528596642862278821 921587170367051053 383704401290035402 1078033252940083334 279325065332272422 817370509217281745 1064304372906745358 1036270350680767432 1096022600731268059 105177261753301637 1089407928051200550 154342210468081315 91939499560119093 698982871692144967 775967461759024806 47617488747474777 1066216710952181169 218943783741954162 739241891606905733 447885733562562036 101167828293914370 396805995179797591 190586656972346899 237578489992235213 517208027991814885 428986384595064895 453934586817122789 691290400023225956 255642066376268404 944099636159573215 401933606912195612 445913701517135163 1035586784852977771 643241845487161952 1064208377271536221 585536841542334516 519106704162825278 367363588090711835 251688663547236172 582604878241897917 911200317137901753 959629535912929296 197246313160622661 179113428382759337 484818011309371093 151591597598855549 63513287775053753 100214556859877795 1048991308524495543 275771605299019960 29551416288251797 402855232449284668 894830641735741244 584401312183903086 1037992453025323135 786173083104690898 389822555238691213 700764434470044869 781547914235082279 572322649198845763 878134053563586762 871482256352757227 1148509490762983040 389191655048863818 682655054890292189 4634639949993326 1140908087042022953 370369170962260673 258121133527067295 940469566293856451 127883069133983550 939523238388961195 607830604115473908 153196221185127778 250206172493668684 226758158972137948 924735256311599034 415624285165430987 512658551421282631 1017119357600398580 100889876566734023 500710035233502923 1109797715701097030 528564842083434381 531881033087923363 313762650689377354 498270815047658116 513999527572693858 34580724569751275 43758189440983905 1026627038418445396 216172401720606376 177098773704499775 937216319695429095 656144178958143751 737900264949723248 379953638658076458 71634837830044756 870034270096801819 583429717983733786
62 39
89 100
95 96
85 20
64 73
73 89
2 47
82 66
11 12
94 97
19 100
99 78
54 51
91 17
69 29
43 28
23 38
64 97
73 66
48 66
44 4
53 66
49 64
64 56
46 21
14 57
75 48
21 79
43 37
66 72
63 67
79 25
92 71
30 47
91 28
65 100
39 34
47 48
1 79
56 76
43 41
33 87
43 35
75 99
48 68
90 12
8 46
60 90
90 57
55 92
10 43
55 31
60 29
45 42
99 9
96 55
17 45
24 53
82 93
28 22
59 77
73 14
61 83
52 39
2 54
27 82
72 88
48 36
58 94
81 71
73 55
28 26
14 16
5 59
84 66
95 8
28 70
15 53
39 53
2 85
7 86
2 13
53 80
3 57
4 72
63 4
40 91
66 32
55 91
33 76
66 7
15 18
64 50
52 38
5 44
44 83
50 74
55 6
79 98
