100
188652926379659621 395547763413177527 921692756618938592 554401327162887940 480295258256466197 346856545371660890 378583581483655545 613958510097108896 257349564718188010 878998142088020161 562132818212595234 502559415337890178 207506596769617631 813884859975657672 550953577381411217 146802270737469795 105938452512443114 402886242087118670 912251845608037798 900089463280560391 718481472838693035 797898815514336530 104839791756822868 1148637397151534621 584554631464102083 354923753941783238 22878667042818454 262186520399291158 1077069571405859287 702761302238592565 385418594164797418 861699384336624733 388832869632782151 578979241524118689 1144365143105249324 441847059591295830 768716032188354133 601110181280259841 503125062419673304 465596562422328353 274793195278150036 685960473419732461 181683713858975587 865016834222169532 1109613412116546485 929356951601357255 717044735940052377 537645405229964637 208072456751881651 924560398448144723 437601607907703890 892290150953438529 886347566070686117 1093430644124690166 1097432523354071143 988825845310623435 338537454444196219 1041506657300883365 1017734379266269387 523806618389362000 930195268021830653 572958098278709252 695801519383370413 577256742445097955 628520259113489819 428739921148208815 442185214036353813 675454159110119104 831393916930116534 261411178323629049 145661807557293857 659401143078132168 512520246998668848 143857538243228339 421776838700419724 168363722216109588 752566014987197037 761227589780510884 322801836239588883 797336507695793614 1000163205981165252 365690158028459213 532705154180795569 26284785571552341 692938496343402071 3468370388571314 737147442318824654 189612991071279102 770669476976146395 563805586243904926 359623235982604504 972987927540674348 1005999139269210841 971494450827656138 203410276843801507 1048290421994655659 653052144411716291 937286379371360914 212731690969622675 814585407191167157
35 75
91 100
90 49
67 11
100 23
78 41
26 4
19 83
97 34
66 28
28 43
87 44
74 84
23 33
44 74
13 7
59 100
8 100
20 33
44 69
75 76
16 69
49 50
16 97
26 63
55 20
49 54
94 71
68 9
94 19
1 46
2 50
23 62
26 29
35 18
95 26
19 17
42 38
39 61
72 36
85 14
23 26
10 28
2 38
40 99
32 13
15 37
13 77
5 17
61 89
17 30
11 100
37 29
51 45
67 78
51 36
30 52
83 31
33 19
19 44
10 46
97 6
30 25
96 19
33 3
98 6
89 88
33 76
21 67
33 79
48 19
24 69
22 16
58 28
2 68
33 57
92 85
42 64
26 65
8 13
28 47
48 72
86 69
5 2
23 70
40 93
79 40
17 89
96 10
53 29
33 60
71 27
81 47
20 56
82 33
12 87
62 73
85 17
42 80
