350 200 500
84 287 1
144 331 4
307 334 5
180 256 5
97 212 5
269 300 3
107 226 2
312 326 5
190 289 2
179 187 3
56 327 3
20 129 3
171 243 3
162 345 4
39 330 1
89 196 1
16 152 5
298 342 3
210 349 2
152 310 1
346 350 4
174 291 1
210 214 5
137 154 3
163 257 1
286 333 5
300 315 4
82 202 2
311 315 2
24 105 3
331 342 3
194 239 1
310 313 2
180 294 3
331 337 3
117 219 1
36 178 1
251 338 3
40 80 2
340 349 1
190 255 3
160 164 1
298 312 1
349 350 4
50 334 5
321 347 1
30 329 4
58 60 4
326 349 3
83 103 5
150 224 1
163 289 4
243 326 5
145 245 5
329 338 2
20 22 3
66 285 2
272 335 1
116 254 1
344 346 3
88 315 1
170 298 1
264 350 5
335 338 2
205 261 4
215 341 3
200 318 4
175 283 4
1 339 4
16 298 4
145 288 2
271 297 1
208 250 5
180 208 4
159 256 3
327 338 1
163 273 3
301 305 1
42 47 1
112 341 2
208 323 3
103 217 2
43 78 3
344 350 3
202 269 2
240 283 4
340 346 4
67 164 3
272 294 5
171 240 1
158 273 4
181 197 4
281 292 2
4 296 3
252 258 1
57 256 4
199 270 1
5 43 5
309 343 5
65 292 4
123 297 2
63 207 5
1 162 4
173 188 4
34 333 3
112 313 1
50 101 2
217 272 4
335 337 1
248 286 1
212 293 3
120 304 2
136 271 3
125 308 3
280 288 2
177 252 2
313 349 2
10 321 1
204 319 5
336 339 2
261 302 1
154 293 5
259 342 1
72 84 3
320 346 2
171 342 4
151 319 2
194 307 1
229 290 2
113 349 2
164 310 3
250 320 1
136 240 4
60 327 5
183 274 5
25 346 4
248 293 5
255 269 2
136 289 2
327 340 5
80 110 2
214 230 3
145 214 5
272 320 2
53 205 1
6 310 3
258 330 3
8 47 2
317 335 5
113 208 4
53 99 4
317 329 1
37 52 2
125 179 5
137 232 1
118 324 1
183 350 4
235 301 4
74 158 5
334 345 3
68 344 2
65 170 4
327 341 1
248 333 4
126 308 3
1 346 3
335 348 5
147 308 3
68 328 5
264 348 5
111 314 2
272 322 2
310 342 2
108 229 5
181 232 3
287 350 3
112 156 4
88 256 3
161 171 3
334 349 5
335 338 2
325 334 1
117 244 1
194 250 5
321 337 3
44 129 5
113 217 1
14 187 1
211 222 3
146 255 1
332 345 1
278 333 4
299 306 3
243 327 2
106 134 1
137 324 3
181 341 4
86 151 3
117 333 4
280 333 1
216 293 3
155 164 3
29 321 4
303 313 3
325 334 1
137 182 1
186 262 2
231 257 3
127 307 5
167 225 5
321 340 1
331 338 3
2 262 2
113 283 2
73 348 2
217 316 5
207 292 3
195 212 2
333 344 5
285 311 2
73 186 2
245 325 4
27 342 3
19 36 2
92 275 3
34 91 4
141 152 5
288 314 2
24 245 1
255 312 5
299 313 2
233 344 2
186 208 3
259 324 2
158 236 4
18 136 5
323 333 3
222 350 5
288 327 1
133 294 5
108 270 5
249 292 1
171 290 5
148 245 1
261 294 1
54 300 1
99 151 3
184 219 3
32 108 3
259 281 5
77 170 3
287 302 5
144 346 5
69 95 5
258 269 4
130 170 4
17 272 3
206 347 1
202 324 4
67 211 3
277 317 1
263 317 3
323 327 2
155 324 1
191 192 2
106 314 1
176 188 4
215 258 2
210 305 5
3 34 1
21 106 3
26 228 4
237 296 5
156 227 4
36 47 4
31 93 5
4 274 5
138 298 1
323 331 2
111 298 4
105 142 4
230 278 4
297 318 5
280 309 2
211 301 2
274 317 3
240 339 1
341 345 5
90 246 1
253 279 1
121 171 4
229 264 5
261 327 4
44 282 2
132 227 2
253 270 3
35 97 3
143 219 1
214 347 4
340 346 3
139 309 5
283 349 1
90 344 3
95 230 1
320 336 1
300 331 2
240 260 4
184 296 3
300 309 5
259 282 5
172 345 2
151 167 3
150 238 4
196 295 2
82 344 5
316 320 3
274 276 1
211 318 3
31 136 2
285 342 2
77 131 5
301 332 1
81 327 2
106 189 1
37 147 2
126 165 2
68 153 3
241 277 5
238 261 2
330 333 3
14 277 4
216 226 1
232 328 5
7 241 3
195 277 1
180 238 4
340 345 1
106 127 2
22 160 2
101 350 5
13 20 4
194 236 1
248 346 1
155 264 3
147 240 2
53 290 3
54 332 2
261 285 4
145 223 5
296 348 3
200 281 5
166 212 3
85 188 4
84 251 3
83 338 5
233 297 2
210 271 1
76 306 1
240 274 3
188 323 1
322 336 1
272 309 5
335 347 1
291 302 4
334 345 2
1 27 2
153 161 1
95 121 1
47 302 1
347 348 2
240 269 5
102 303 3
59 221 1
8 200 1
194 262 3
310 322 5
285 335 1
201 304 5
298 310 1
24 346 3
321 322 2
155 215 2
263 312 3
45 284 2
97 222 2
245 261 5
231 279 2
13 46 2
50 272 4
74 162 5
158 270 2
118 295 3
88 333 1
108 149 2
134 165 4
163 196 4
191 212 1
14 80 2
140 223 3
165 186 2
34 260 2
289 333 5
214 220 3
111 180 3
61 206 1
250 321 2
111 339 1
345 346 2
81 142 2
74 338 4
24 35 1
326 343 1
346 348 1
275 284 2
143 169 4
84 329 5
63 299 1
346 348 3
170 205 3
174 226 4
56 122 4
300 349 3
317 334 3
339 340 3
178 262 2
202 266 2
14 124 4
268 338 4
27 169 5
326 346 5
336 345 2
342 349 4
253 329 3
242 317 3
332 345 5
273 310 1
227 273 2
169 317 4
238 280 3
316 321 5
210 249 3
67 229 5
152 264 4
124 239 4
230 343 1
340 342 3
67 132 1
42 285 3
340 343 2
39 103 5
116 247 2
10 278 4
218 291 3
95 157 2
143 327 2
313 349 5
332 347 1
315 334 2
286 290 1
208 288 3
151 239 2
13 176 4
260 291 3
256 330 4
226 239 5
161 272 3
276 322 3
280 292 5
129 333 1
66 84 4
92 341 5
288 319 2
119 142 3
218 271 1
152 260 2
135 165 4
318 341 2
279 303 4
26 184 5
22 179 3
34 241 2
193 269 2
169 322 3
60 124 3
3 39 4
59 211 5
281 313 3
161 320 1
260 317 3
185 336 5
271 286 2
326 343 5
332 350 5
200 238 4
133 182 3
317 343 1
91 247 1
164 246 4
343 350 4
176 257 1
