30000 1000 1000
23916 23938 914
20862 20871 577
16973 17005 131
5080 5101 606
919 924 394
18550 18573 9
8130 8162 686
12604 12650 732
9934 9976 32
13086 13105 723
5566 5583 372
4255 4290 793
26787 26832 342
23554 23564 573
9118 9168 201
12876 12892 516
663 678 418
28081 28121 627
14134 14173 9
28005 28047 551
16844 16852 35
16492 16524 430
28761 28788 72
18914 18952 367
21506 21524 986
26183 26206 238
1987 2021 510
7872 7877 193
11623 11648 7
21257 21277 502
365 394 572
4330 4368 112
3876 3905 143
1020 1027 263
13030 13068 679
6381 6395 446
27787 27828 827
11276 11307 868
29190 29199 254
17698 17708 398
28294 28342 861
13291 13324 693
20002 20015 479
941 965 157
14735 14763 134
19656 19701 633
14554 14598 718
24975 24983 997
8017 8045 323
15174 15185 600
15671 15678 847
29335 29371 908
27243 27292 786
8546 8584 891
28561 28575 131
495 535 226
11787 11834 415
9463 9487 814
1313 1315 577
15627 15652 809
28216 28251 554
13168 13210 67
19831 19855 534
26590 26605 377
21418 21456 410
2935 2976 955
18816 18851 37
13772 13802 153
7512 7560 65
2843 2854 595
11003 11017 854
10621 10663 490
11650 11673 751
21855 21862 841
16461 16504 875
12467 12498 616
25434 25448 227
28344 28386 426
24190 24208 706
6472 6494 43
8648 8682 996
7358 7381 176
17065 17103 729
8584 8601 890
27408 27451 716
5005 5016 275
26585 26588 905
19003 19010 456
2733 2768 494
3518 3567 550
9372 9405 729
22450 22463 674
10280 10314 399
14973 14988 113
21775 21782 264
8268 8288 848
27608 27654 404
7480 7512 786
4230 4252 27
3572 3600 863
10477 10483 581
25061 25071 848
10046 10060 376
27400 27449 208
4209 4213 753
21281 21322 752
22078 22086 823
23243 23252 262
4538 4580 317
20649 20674 864
19683 19687 401
25899 25916 430
9196 9203 20
21748 21793 252
8114 8152 188
3504 3518 795
9230 9279 551
4051 4081 845
2218 2256 726
25400 25402 943
25344 25394 619
29358 29395 687
22801 22810 555
29325 29371 642
10869 10911 973
28458 28469 296
18995 19002 222
21877 21881 134
11758 11796 633
26376 26403 178
7610 7652 669
627 649 590
26961 26998 263
7437 7448 487
3059 3075 317
28441 28476 782
10522 10542 638
25553 25566 849
6108 6127 899
26363 26403 427
2845 2856 609
12635 12673 775
3846 3849 378
12919 12928 41
13913 13941 544
4469 4486 507
3197 3223 190
3252 3262 760
15678 15688 363
4733 4741 1000
7964 7995 782
8376 8413 450
28577 28599 891
9151 9165 481
20499 20507 202
8611 8661 420
13172 13213 324
12035 12048 639
17209 17213 885
20623 20643 582
8599 8601 697
18658 18691 599
11854 11897 488
22084 22093 570
24718 24737 496
18801 18846 28
4933 4952 224
45 65 776
23830 23852 117
17188 17214 111
19946 19993 893
21656 21675 904
13803 13838 693
6177 6222 992
1220 1253 948
8754 8776 346
24637 24687 638
18430 18436 877
19358 19362 829
5546 5573 105
7835 7867 641
11927 11956 528
14242 14269 132
14584 14621 992
15074 15081 488
11502 11541 353
21608 21625 573
26121 26168 176
24910 24955 188
6221 6228 280
27789 27813 88
22101 22149 581
21687 21723 661
27302 27320 348
13620 13652 281
227 260 964
12818 12823 452
22985 22992 724
11953 11955 843
19685 19718 894
12031 12053 403
5862 5863 153
14386 14399 797
28621 28662 947
633 647 364
16044 16061 711
8994 9023 848
496 530 456
25994 26035 793
14149 14186 557
12817 12841 960
15973 15978 872
15804 15808 724
11994 12024 137
2836 2869 368
16018 16038 453
22290 22300 517
7527 7562 348
17989 18037 686
2124 2170 382
19820 19844 53
5 21 718
1857 1907 862
7166 7193 734
8948 8961 266
14890 14918 545
13687 13727 568
14049 14059 451
15399 15436 307
27415 27434 467
22241 22249 468
14387 14422 560
25683 25702 964
23959 23972 722
24031 24047 550
12729 12755 107
25814 25827 583
16177 16201 82
10039 10045 658
4523 4526 76
6613 6636 675
8047 8056 380
4072 4093 360
10090 10140 941
20880 20930 357
4122 4133 154
26186 26212 214
11519 11542 647
8496 8524 588
10467 10504 592
5488 5504 41
16524 16548 950
25689 25727 744
19793 19817 14
28500 28517 841
4092 4142 606
9396 9413 717
21468 21499 448
7840 7863 173
19448 19492 913
18922 18938 890
12665 12689 37
10333 10367 181
24213 24214 211
18862 18887 806
29228 29236 578
11701 11703 576
4679 4682 449
24801 24834 829
14941 14978 617
21961 21990 965
21661 21677 921
12575 12593 968
953 1000 925
853 861 605
2234 2266 221
4610 4641 880
26048 26091 100
8503 8529 565
26149 26190 204
8180 8212 492
12312 12349 693
6397 6431 182
5312 5357 868
19061 19085 8
15185 15196 81
12366 12372 509
19006 19030 456
23012 23022 7
2157 2167 665
27443 27459 739
24210 24211 720
581 629 559
5067 5068 361
28042 28067 600
5036 5073 92
5794 5801 835
3946 3962 978
8339 8384 428
27993 28006 54
7143 7150 726
14944 14990 78
22744 22780 995
12381 12389 491
26604 26622 168
29552 29575 646
27797 27819 364
4067 4081 846
22822 22856 85
27560 27570 389
1452 1491 177
2647 2687 899
17433 17473 130
29220 29267 564
22540 22584 788
11264 11304 401
7097 7122 159
3444 3483 696
5540 5571 563
23949 23995 453
906 931 896
29729 29745 582
22322 22372 320
21640 21680 867
8346 8347 429
24532 24582 36
7850 7855 900
16326 16356 246
20981 21005 940
18189 18190 130
15790 15798 945
1105 1115 589
13688 13706 819
2362 2365 358
15188 15190 840
20697 20703 918
10564 10599 912
20600 20633 68
12597 12628 246
22144 22184 157
19659 19661 377
18889 18934 595
21430 21447 666
10194 10227 316
7747 7788 800
5380 5385 924
6806 6819 350
481 506 221
2452 2475 448
5425 5450 469
28439 28473 244
2896 2942 919
16600 16602 273
18539 18551 507
688 738 651
24918 24941 467
8571 8581 386
1946 1951 445
16285 16331 979
11805 11849 683
1496 1514 730
28772 28798 360
25155 25186 671
16383 16406 315
10033 10046 357
23079 23105 830
5585 5590 629
8053 8070 139
19049 19095 279
287 306 512
22906 22909 431
65 88 784
11188 11202 792
10695 10705 546
3181 3227 960
7341 7364 141
9349 9384 191
15701 15710 850
29384 29393 234
3551 3557 577
1051 1099 782
14581 14627 230
20376 20380 79
19944 19972 897
10387 10434 512
15681 15704 592
16576 16600 770
10772 10778 626
9481 9508 52
5738 5770 276
25902 25930 942
8334 8351 637
14034 14071 192
11000 11036 589
20676 20701 659
18636 18683 330
27304 27338 100
6190 6238 728
1989 2001 476
1643 1650 368
22451 22470 455
11338 11352 942
3512 3525 261
11540 11561 171
13613 13624 488
11771 11772 869
15641 15680 287
15300 15309 726
1478 1516 727
20038 20059 765
21961 21986 197
26858 26865 181
487 522 697
13877 13884 520
6144 6171 941
28684 28716 519
18608 18612 70
8947 8956 536
25820 25821 589
10457 10499 793
29398 29439 745
14884 14915 810
25714 25762 22
21867 21890 600
18967 18972 658
2854 2856 347
27638 27677 675
27469 27500 274
7715 7745 57
10006 10040 839
20927 20970 907
20636 20658 128
18914 18939 870
3120 3155 408
27639 27677 203
28840 28877 187
7703 7732 756
27400 27420 729
3452 3475 704
4207 4212 507
819 845 568
24684 24714 206
9050 9066 380
7189 7191 275
22448 22449 934
28588 28624 637
5402 5407 461
4545 4559 59
10750 10754 372
15294 15314 196
14837 14857 224
14841 14877 990
9043 9066 361
20287 20300 764
10381 10385 970
1905 1942 404
19188 19208 135
10002 10047 76
17219 17259 380
12304 12319 655
22746 22789 18
11258 11308 100
25653 25698 916
2416 2437 650
5546 5585 319
9036 9057 372
20993 21037 467
15498 15517 656
18265 18277 947
6642 6670 445
7522 7560 331
19217 19232 408
20981 21022 449
20187 20236 396
6525 6534 840
21884 21903 623
29438 29478 508
19803 19844 527
24177 24191 446
13342 13382 717
13664 13713 286
23244 23274 257
6797 6808 591
18254 18292 948
10704 10717 832
21292 21325 28
1184 1217 442
25929 25930 731
16793 16816 725
26160 26178 932
14068 14089 943
1255 1299 757
26758 26781 63
5824 5854 359
3238 3243 255
11096 11115 974
29129 29170 687
24494 24501 772
25704 25738 997
17441 17485 888
16070 16101 722
138 146 390
10450 10470 51
9407 9419 237
3016 3031 12
20519 20564 228
16222 16266 627
1782 1806 549
20571 20595 774
20761 20763 503
4904 4950 421
6211 6251 767
2222 2249 486
12851 12856 470
17419 17426 92
25526 25545 539
28296 28340 863
1421 1460 929
21036 21044 510
725 726 733
21102 21105 582
4336 4369 371
14100 14124 484
22563 22604 799
25652 25696 430
2155 2205 639
28566 28593 130
8904 8925 972
11460 11463 558
11061 11092 403
23073 23091 74
20498 20525 710
17856 17904 568
17023 17066 205
4344 4351 882
8014 8029 850
889 928 882
16503 16552 420
27454 27478 1000
29210 29237 810
8164 8202 241
5654 5671 701
2053 2077 287
10686 10711 296
22952 22962 950
19961 19972 420
16105 16154 784
4196 4226 737
23711 23760 215
12733 12772 632
17574 17618 6
1171 1202 896
29247 29272 558
18698 18722 916
10375 10398 217
23569 23612 326
2013 2050 494
18159 18204 359
7305 7331 879
28966 28986 524
17850 17865 523
8000 8040 595
5500 5538 285
10281 10282 626
8796 8821 647
23549 23586 74
25846 25882 874
28292 28323 338
9661 9669 506
6152 6153 696
25040 25072 833
6927 6962 739
574 607 829
28468 28508 538
24622 24647 665
17583 17629 9
2097 2121 117
3722 3740 763
17240 17275 663
1346 1382 610
14057 14081 706
7002 7006 40
17190 17208 104
10831 10866 441
609 657 75
9478 9528 558
10596 10617 188
28719 28754 792
17116 17150 304
12105 12128 709
6586 6603 151
29034 29079 613
29844 29849 926
27025 27030 315
18922 18960 360
29810 29850 401
21583 21584 566
14097 14118 752
1840 1848 607
21388 21389 624
4087 4094 357
21684 21727 182
22523 22535 789
11540 11581 921
4420 4438 699
28756 28791 350
7306 7320 627
22032 22078 9
16183 16195 91
4319 4343 366
23882 23920 163
16974 16975 409
10891 10925 727
17892 17927 577
24985 25019 239
13644 13693 763
10880 10883 475
6010 6056 331
6681 6708 490
6983 7022 780
22898 22900 914
15657 15705 574
60 93 779
25918 25967 202
21743 21767 473
21290 21320 14
29442 29451 518
2814 2851 843
15524 15561 435
4212 4259 229
12427 12474 311
24158 24207 183
19050 19077 527
18490 18502 419
22695 22713 961
23237 23247 235
29401 29442 233
3275 3280 54
3728 3736 242
5526 5576 576
4977 4998 15
21861 21889 338
8743 8756 317
11201 11216 811
15016 15049 924
15438 15483 81
6936 6980 754
12378 12422 735
8767 8816 603
11016 11064 120
24135 24143 657
9546 9587 391
29785 29788 114
12758 12776 139
4461 4511 8
9152 9155 512
17117 17148 537
26312 26326 87
11272 11302 894
10648 10662 996
16557 16592 989
980 1004 485
17748 17774 430
26448 26497 235
11011 11020 642
14969 15012 862
6432 6434 1000
20561 20572 270
22329 22352 586
17735 17754 170
19685 19702 909
16027 16051 932
965 968 943
26054 26082 865
341 376 328
19258 19301 705
4132 4173 923
24174 24221 449
22953 22968 207
15025 15066 171
18806 18853 247
21294 21317 545
27953 27977 785
20610 20637 587
15025 15037 692
4416 4432 198
17853 17893 300
20327 20369 533
22051 22099 531
19537 19573 755
4589 4632 612
20618 20655 833
9383 9394 740
18257 18303 975
18591 18596 559
7225 7234 793
18775 18818 231
14990 15019 413
29047 29049 120
25416 25459 197
2112 2132 611
3812 3859 582
17427 17456 127
25434 25447 700
6093 6135 631
8462 8480 21
3915 3963 941
21178 21193 923
1182 1188 666
6355 6357 911
759 771 493
1851 1899 591
13330 13344 705
25104 25117 870
14416 14426 80
15965 15973 123
26199 26240 254
26587 26619 398
5135 5150 429
29289 29321 630
26046 26063 92
29879 29915 488
5946 5956 243
837 886 559
19916 19930 116
6420 6423 994
8862 8871 698
16413 16449 339
20829 20848 56
27292 27307 344
3684 3720 942
25235 25276 748
29329 29361 920
23326 23356 607
14180 14182 594
29868 29869 465
12894 12906 257
16592 16601 536
26179 26193 725
7472 7493 772
15069 15083 239
23790 23805 815
22663 22711 914
29821 29833 924
9882 9901 974
16055 16081 740
22430 22444 678
20167 20174 409
13657 13707 538
12759 12776 908
8274 8286 866
5500 5532 797
19030 19066 733
2443 2452 472
8364 8413 465
27625 27631 692
17507 17519 954
29187 29216 516
3857 3900 362
4861 4883 122
5040 5074 57
27091 27125 405
12896 12918 527
17911 17921 93
21588 21612 62
27259 27294 79
57 103 788
12390 12398 533
26016 26062 288
27035 27038 361
13711 13730 598
27810 27826 127
22334 22347 591
3005 3039 760
8637 8643 985
27808 27848 878
8754 8768 566
2699 2722 213
518 525 746
14540 14542 710
25146 25196 189
1067 1116 45
4851 4888 910
16911 16944 831
2422 2432 180
22077 22087 822
14233 14239 144
4021 4067 300
22069 22082 73
8371 8414 674
18614 18662 561
24368 24410 134
8009 8011 851
22370 22378 136
16830 16876 274
25856 25873 411
21083 21094 313
16926 16962 340
16014 16018 687
28088 28111 149
26173 26215 945
27895 27905 480
10600 10610 948
16170 16211 319
9191 9232 777
24530 24535 558
12081 12083 459
14763 14801 900
10121 10142 463
29182 29224 752
7396 7430 717
12269 12288 638
10292 10329 417
10284 10319 373
19882 19892 371
22916 22945 673
5692 5736 224
23151 23157 667
1034 1083 30
10417 10454 542
16971 16984 135
23701 23750 211
2797 2840 293
28949 28951 787
17682 17690 364
29588 29636 441
20925 20949 667
20558 20599 788
24432 24462 183
12743 12788 880
62 108 290
16046 16052 701
13512 13529 399
25596 25609 627
21669 21675 658
18568 18584 753
24059 24088 807
10702 10719 830
3272 3299 792
13783 13821 411
12512 12536 155
10426 10474 274
11590 11620 194
14522 14563 177
3667 3678 955
9123 9133 956
18843 18884 317
20233 20271 972
15270 15301 910
15022 15059 915
5722 5736 260
1302 1332 54
27328 27335 401
26258 26288 569
6211 6247 999
7419 7437 746
17020 17042 196
453 467 684
17184 17222 878
8599 8643 161
29052 29064 119
3935 3959 943
18042 18068 757
21667 21674 171
9297 9339 624
16672 16687 601
25623 25628 642
28574 28596 159
2061 2092 289
16235 16250 396
10543 10550 138
19923 19933 376
25654 25655 453
1032 1074 248
13982 13986 878
27915 27934 973
5466 5486 516
16030 16071 929
21244 21272 453
24693 24729 977
18412 18430 341
21018 21049 751
24323 24328 83
27901 27934 694
29220 29256 543
11793 11801 415
26882 26890 681
1503 1507 737
2172 2219 186
1508 1520 775
25324 25337 837
10556 10605 428
661 670 919
21565 21566 813
14556 14565 946
11551 11572 652
10308 10315 150
1442 1481 414
11410 11413 508
8911 8942 500
360 403 338
13863 13895 262
10755 10781 341
22462 22496 725
13583 13588 717
3286 3305 800
29869 29915 222
19462 19468 430
20749 20774 964
10350 10357 210
11545 11565 905
8833 8880 916
3436 3475 703
13493 13502 148
28549 28564 125
18686 18724 651
5871 5884 168
12557 12581 703
8920 8923 12
3284 3321 822
22596 22622 359
16443 16486 122
12926 12945 810
21512 21536 269
17264 17265 952
21545 21548 763
26088 26120 369
24926 24929 707
26068 26090 590
26508 26557 289
6840 6845 884
12674 12684 814
26446 26469 983
27321 27331 614
14663 14695 315
28203 28206 761
7293 7316 105
22464 22470 209
16103 16148 2
7761 7808 76
4765 4770 53
8131 8144 934
917 956 639
9723 9730 562
6368 6374 174
7522 7566 816
10468 10498 301
27334 27341 624
5482 5519 5
4746 4782 25
19036 19074 4
9912 9931 501
22098 22100 861
28099 28120 154
15229 15273 402
17037 17085 710
8926 8974 271
13508 13537 163
14249 14259 895
29065 29067 873
24957 24962 3
6034 6044 569
14892 14933 53
3815 3862 70
5818 5821 374
19705 19728 920
19642 19658 607
24362 24396 378
22922 22946 932
15916 15955 565
14804 14844 203
13656 13661 781
6191 6214 735
17750 17799 438
21329 21368 315
14957 14994 600
22312 22335 795
12461 12486 577
6905 6947 458
2522 2531 756
20383 20393 836
14041 14050 934
1101 1113 97
16287 16328 454
7574 7621 124
3059 3072 73
9742 9768 837
14162 14199 49
24777 24824 543
15126 15130 308
12842 12846 235
27553 27576 614
3359 3368 608
16830 16856 524
5159 5166 200
20355 20382 832
11628 11636 1000
22915 22932 404
13383 13432 788
28259 28301 344
