300 100 50
219 286 48
93 202 44
201 292 18
11 18 31
195 262 19
150 236 33
162 235 34
258 263 44
291 298 15
257 285 25
286 299 28
289 298 26
184 257 21
102 167 11
193 201 43
293 296 24
271 289 13
199 220 20
124 212 49
143 296 8
271 297 5
126 297 32
292 296 50
18 293 11
112 214 35
234 258 13
192 289 48
145 195 13
259 273 40
149 288 37
90 115 25
296 300 10
165 182 43
219 259 36
217 252 44
188 233 16
82 167 8
299 300 38
90 236 10
192 203 36
30 252 4
58 198 21
108 110 36
63 150 43
155 243 8
72 280 32
280 293 48
112 169 12
117 173 21
58 68 40
