100
63688733
780960896
4311656
777651284
503799121
311032926
396646170
425520100
546665159
423802606
354791997
465512381
350124081
885495180
933310440
518816490
499397611
969519860
824277724
967725525
85260760
648222261
469814515
937493871
859221419
842635117
241489443
711477412
496104439
927738065
777276344
289506901
237702542
363172662
913049784
827505696
959618210
826245158
815636142
377875772
599606510
152571273
604565332
860250951
979227058
813057560
552154041
62304217
151338539
477442945
622420012
657596383
662561816
58887407
41737079
872264546
790608004
873232642
217451362
628364629
468126737
97618275
627818087
906595062
677923805
932546215
256479349
344644303
879993010
667441061
892309313
640978764
508212592
292401448
534054752
942276656
855184675
408621305
500501670
5349160
693938831
9128388
405506854
641638933
87006207
640546310
86551489
265794348
152512096
180768534
660030905
534017994
508695000
970861937
243893005
330193195
165796186
68228547
416245419
587375294
