100
73078860
515948460
358663910
781946872
770696087
735160607
182338802
490790920
556835623
882998244
891595823
833746194
927353491
805977142
352243641
385626730
870020187
186997358
933422342
463008943
659031864
325395743
873782129
120044050
595880377
888502885
954990277
479057232
966784930
427267140
925739714
985976770
71432672
833190849
926932919
869393686
228937197
868148707
550786323
496786232
128463926
350415773
135294844
774670410
140091615
509090920
273932195
742935666
292733586
814081705
925234712
26102665
688056796
606558059
102421439
403538960
705986535
664336525
812205263
704200082
598252471
374814662
321651363
841722353
909377978
554476415
615599753
857758509
299469159
664975045
782728450
618050695
498391088
650455037
806528563
693471400
172921546
490464217
145933422
26016659
432955148
642068968
164693168
290397862
36954296
331481052
574561550
410585159
296107824
358998328
716525573
841265859
97503723
508880743
330905731
434364477
441704000
737687853
555713020
287826544
