100
188944420
687096653
788444556
634944903
976120734
371538408
610597584
972493012
960860581
951677466
330710831
969764513
803473143
680797224
647687019
96727863
64941829
585311656
242211852
959657518
575033667
904199764
581953910
880243484
805756669
3621135
206685043
53515692
266712989
932150251
233057439
623989180
605427761
512368893
508398955
167882064
655866955
579308189
94654629
126197613
163660194
694855121
736730185
730205916
78533511
602813879
413705839
267510535
544010918
845286697
737824749
808429035
868326351
584034118
259207221
163035134
976879831
639661612
333611069
32395598
775594210
6044777
687341146
768388180
826448781
591560702
384230850
271950448
461679345
323381565
470798822
743704506
454948470
509672104
577941156
449159358
940483116
106267115
152187327
738864395
397234485
720517077
226960647
123059364
742473481
287202029
50866260
522729830
404389068
677806586
401054783
69753765
546615179
842480061
116089639
388089225
158748660
905560728
73430194
399135500
