100
422928685
100607511
89411431
612167294
623926418
890550391
834031973
71006965
448680137
159138271
881282790
280456589
625396378
257068965
540622155
703925197
66691621
729777263
783233909
72328530
178493430
307089871
263186259
542620348
551327167
294430661
924219026
370787727
658668501
831600394
907504855
560585203
968292172
361950059
113737330
206364104
908831731
202118214
179885164
801808581
172567404
399477999
331961904
534227091
310356470
625975308
668722666
191030639
93465996
725735260
836096629
874114000
71393600
515261170
95012872
39646247
332900109
77446166
530945338
90321827
812297629
212280734
17989466
162188933
263065973
778926359
214975982
631423599
211476667
569942808
305262314
216114133
799864439
309400220
990118939
276262639
265583068
186760360
263014884
98611680
313253695
148101096
476300143
938771894
695323524
186249404
756497949
487672415
307093145
720466827
10621205
429253991
746075851
839531482
436543421
306971163
362271278
818788616
812865145
948324179
