100
396288688
777960496
116257665
674335016
438728233
272276945
184520322
555401803
854348701
577035719
174117095
157764943
581260232
912720604
614343773
317569770
634732202
66341458
438982582
778670787
715188524
488291094
103472542
693925208
108268849
279877046
301073567
401374513
983390657
211249312
451918894
84764804
245644916
683200896
140113576
4312543
764483753
9980423
768663355
628155135
288710600
747611849
678150849
964222853
115755411
803653408
985750463
624493581
15207388
641198254
484172300
496377248
38884885
301436047
126704781
345667663
412339947
885387525
886455220
409851981
553175982
416726096
462942180
997015640
362115239
361298832
418641972
686426952
989223713
424719036
393877111
685947864
113273109
23395920
201227191
316265956
813526963
433082551
361211477
227636377
252097710
526719809
747737052
781736935
893883440
216047102
267439330
708638295
987254332
422076381
937342867
802729834
902903409
650631836
438356288
249947661
29246467
31456185
145852307
511111715
