100
951069648
498447146
5051755
100660378
879876635
698451997
163575110
515761090
655351581
28043509
381384470
22686999
317901347
901707777
92029540
150377153
839548466
662757939
44514040
755304056
747478788
371669221
916770645
634577349
387952363
325171656
386230014
695151635
643885607
625561157
197658664
69262348
578765316
813017669
756311889
806103615
83360828
388720974
613752758
453841751
898968607
361978272
577026657
921675279
154855025
42081317
853950451
567067187
92724137
833796375
572639644
164504156
409331261
970323811
95557596
902664020
874221307
997902647
71525986
487721046
184208968
122019405
174898913
173323363
401927608
507777394
735198609
298881700
71299383
455895505
170428925
524784109
174472719
71475743
973852283
143912303
401567088
838014203
734214999
660729398
833575173
395390206
710869384
532895852
790587269
151980739
375198773
311863730
675530021
18281909
435692559
244787315
752743718
754944686
299103681
826964506
616553416
67878649
815390152
59906093
