100
444301296
662401191
716473332
312212071
374667980
697696851
3996921
975884205
572282198
479032915
293860737
462395971
810581404
542000914
864091932
988229095
632458938
598508026
957560382
888664396
688740835
176170199
484862609
689473097
201030256
459925969
861079980
932232556
246318377
514833587
58028405
755312373
625166660
528734746
736272279
217193959
940889387
507908505
569216208
171777062
198579396
352539306
953601975
852432878
667428146
436622299
378914237
42945232
576825027
510180897
291143133
97527834
425297847
274356762
7822449
465785271
277920647
490485786
867427124
624469046
529657345
590949420
935567053
220614662
147389231
388529803
949605413
79884927
279421796
106303619
773267498
410597293
396352292
821045414
589341943
460925195
855853643
101909929
208192905
277910754
364078919
876941217
606326746
675199283
743327984
128613110
37992030
387558325
16608255
898843526
943035239
377785734
572653362
63499157
96787777
419016271
247070769
954074623
578574743
603360409
