100
464634679
651830772
856916757
896573611
267660193
506817930
791094651
798370429
249889601
100952664
49875709
746884373
804740535
403377952
884711351
764282209
27078269
157923793
284989312
25210570
668861713
60112312
802020228
50140318
405003356
69176226
45010753
597663275
717580660
60982032
547667766
22800421
875485780
573906554
465563046
669357962
526822883
464611503
177336874
17681824
117720127
939275661
523897265
375564717
272567658
668064443
84756195
603520321
255617997
84345832
158482015
545928567
414306249
496138697
795537265
28575370
287480812
385124645
862940389
397296013
424664104
423571414
871496410
440393011
78067801
988616944
481074266
762099878
844138032
685214518
401533338
131750579
75313431
424207693
426831576
815786057
543388496
538331655
220621020
48200335
547968516
893081630
368535789
977423701
725247080
186602520
243443612
515368678
34121002
329150427
634773466
479069457
103416844
529788101
298436412
372286277
957480805
193594675
434118431
116452049
