100
156119023
824797842
751286316
332707013
825147463
965976576
921911299
456560326
64556104
603005300
342851502
997915121
206570123
336551536
47826439
627136456
788880802
518120544
783343124
33161594
201203201
770353063
332494411
766806605
236186542
921579055
955461108
896362586
658480493
842884358
331241327
997319707
827014011
551963762
528636768
280204850
718738124
176022825
761711542
639799018
763142963
101847571
971078953
769921642
924344797
834133555
32739544
932154774
117761933
965254412
107086041
515457833
158289315
715614567
21565141
618334355
850058358
330507186
610672845
403173398
179498735
189142572
762352370
761091787
710123014
688086058
328574103
146250021
549630500
612659337
214858846
315165554
844437963
301530840
377878621
932552323
654773124
771156640
436621028
613032925
283776110
925941555
211195125
208334600
537563868
380782023
780297
486020622
899076446
593145780
669195175
260132221
932385236
470078302
592213009
771413355
166401716
223264873
332730992
961225594
