100
609582094
369901232
564490757
763852921
755423813
903268853
75366077
346948818
603479485
993552882
197420508
174945150
99458209
222255037
529433867
709481043
929442971
937507542
620061878
995077456
958268023
876017068
221458537
260575170
869790829
137653155
389720151
886971952
855357692
107307122
999328976
191267299
999257801
927169511
922243988
42617331
946498250
260586475
690391850
104650707
716478293
871878360
145109898
160597341
467325712
550297125
188000907
831844109
105187320
160551755
251480880
542158112
281318813
974889817
456400920
736797015
188755612
600562149
556023887
387756787
714589470
337744677
336753048
32172078
439427932
515763225
815252525
340620191
551500685
829746905
373143314
90804597
982345832
564752288
480530663
556192223
764022770
338422560
183506037
948956444
548762626
332845529
234075140
29566919
794301923
918424673
712038144
921795856
27944225
361574949
321776856
436212562
2221862
707184036
422969173
865618719
880287091
336515536
941861903
999507395
