30000 30000 999
3 10819 662
4 22174 223
2 19455 9
2 12080 9
4 4108 819
5 19561 115
4 3354 983
4 854 235
1 16420 939
4 2178 256
4 28226 391
1 29626 171
1 10526 463
2 22048 183
4 17157 745
5 19784 269
5 13337 304
5 21522 707
4 16771 618
4 16618 435
4 26877 95
2 25180 541
1 14138 72
5 12313 312
4 15586 300
1 9330 506
2 6795 451
1 24618 903
4 17174 547
4 29192 295
1 19567 618
4 687 162
1 17530 346
4 18060 936
2 5755 849
3 23607 304
3 29201 518
3 10200 409
3 26056 728
5 1946 396
4 22717 462
2 9263 853
2 16573 696
2 26528 211
3 21861 293
4 16679 111
1 7225 162
5 20039 479
5 7001 671
4 17336 204
2 1032 737
3 3665 80
5 26788 43
5 21261 672
2 14057 594
4 25743 221
2 11993 581
5 8480 633
3 20800 665
1 26505 739
4 17735 507
5 10779 29
4 4724 666
1 6526 264
3 511 148
3 25689 798
2 6661 177
3 28331 925
2 20174 740
4 17944 597
5 12667 684
4 10969 713
5 4098 569
2 789 595
1 6445 42
4 29489 553
5 9615 434
1 29419 409
4 25866 729
3 29684 539
2 23895 486
5 28696 981
2 4636 918
5 23879 507
3 18065 650
5 5457 645
4 3977 163
5 6202 355
3 17800 758
3 4507 803
1 24081 927
1 20913 29
2 13784 423
5 9450 407
5 13195 465
3 6536 828
1 7238 365
5 14671 73
4 29756 754
1 16916 683
3 11678 272
3 28975 792
3 20088 522
3 28865 96
1 6851 822
2 391 821
5 14682 648
3 16075 56
1 14728 801
5 8310 367
1 14856 876
4 15079 8
1 11648 917
4 19840 307
1 4407 89
3 25222 806
2 28667 13
1 12976 994
2 5561 237
1 5670 419
3 17060 503
1 18774 204
2 5730 415
5 21370 571
2 18224 44
1 26638 927
3 1308 622
2 16320 259
4 19905 95
2 13265 948
5 20289 699
1 2220 293
2 20728 87
5 10543 298
3 26883 163
3 5095 301
1 28756 2
3 1716 559
3 3006 307
4 13149 628
5 11830 318
3 29986 523
1 19754 241
4 15507 376
5 10747 130
5 12517 701
1 12218 126
2 24756 446
4 16831 990
3 8289 143
5 1939 130
2 2319 160
5 29613 624
1 11914 86
4 5072 642
4 14678 564
2 8130 491
1 479 464
5 17083 440
1 9693 62
2 2739 349
5 9675 74
1 2447 469
2 20820 244
3 14711 703
4 27307 743
1 28367 815
2 18759 318
5 22374 523
5 8162 349
2 21448 644
4 7633 476
4 13605 369
4 15183 598
1 9408 966
2 8296 389
5 5843 393
1 6590 784
3 7838 226
2 22358 821
1 26703 727
3 12932 603
1 29900 852
5 16765 793
5 7271 368
5 27725 643
4 28735 900
4 22487 679
2 6467 393
2 2788 677
1 6202 317
2 18432 29
5 18999 882
3 20124 689
3 8573 575
5 20863 788
1 21541 453
1 24710 490
2 28563 24
4 21479 698
2 14408 745
5 7524 185
5 4111 900
3 7564 680
2 17559 320
4 2233 165
1 21583 753
1 4362 915
5 290 234
2 16958 9
5 24157 308
2 22468 286
5 8446 15
2 4344 448
2 61 223
1 4842 603
2 5779 772
5 13990 995
4 25002 31
3 2961 743
1 17164 518
2 29507 273
5 28497 533
3 19948 372
5 20076 762
5 20003 628
2 15011 425
1 14733 861
5 17372 99
3 1156 608
4 27748 713
4 15893 869
3 6888 205
2 26595 966
2 9744 146
5 26986 644
1 15136 369
2 25678 599
5 24094 677
1 15883 347
4 7181 137
4 508 340
2 13266 634
5 19905 104
1 29294 659
4 19603 601
1 27559 100
4 15354 619
2 23109 176
1 11500 269
3 24208 5
2 8190 916
5 20017 920
4 4624 932
1 14577 103
4 17889 461
3 6571 2
4 12029 508
3 27739 687
5 13060 258
5 15104 924
3 13877 781
1 24014 357
1 18704 344
4 15109 702
4 11466 243
3 28599 641
2 18411 555
2 26688 777
3 7763 778
3 23549 163
2 19049 222
1 22204 807
5 10993 915
4 12759 799
5 24404 131
2 21389 848
2 14880 429
4 7982 469
2 8462 569
5 15343 323
5 1682 4
2 19849 906
3 12709 955
2 14716 957
2 4819 355
1 8055 728
1 5664 695
5 2488 469
2 27748 84
5 22407 891
1 855 536
2 15135 317
5 3775 218
1 20500 767
2 2815 595
2 2639 233
3 10300 863
1 7502 256
1 6382 552
1 3042 910
4 6385 158
3 10673 117
5 28238 734
1 2845 374
4 5308 378
4 6007 851
2 25812 732
3 19579 110
5 25340 96
5 23076 796
1 9576 208
4 28786 615
5 507 160
4 5262 489
2 19266 957
5 15056 977
5 11706 529
1 6531 814
3 16506 769
4 14829 262
1 28585 397
4 8882 338
5 9982 940
1 23645 292
4 9546 398
1 9078 242
1 3750 494
3 25469 900
3 8979 353
4 17799 278
1 22640 988
4 7251 177
4 22731 172
5 17211 984
4 5075 437
3 2322 357
3 21220 74
1 24215 413
3 4714 310
2 15408 685
4 14601 210
4 5484 635
2 5249 90
5 25090 439
2 28731 459
3 4603 443
4 3345 146
4 25704 889
5 6432 975
1 15884 993
1 26892 173
3 26203 266
4 20700 221
3 10053 449
3 23953 612
2 26659 265
4 571 50
2 17199 498
2 29613 803
5 17199 8
2 16935 1
4 4160 387
1 656 318
3 13446 66
4 19977 279
5 29405 917
5 12416 309
2 5025 54
3 19862 53
3 16359 231
3 26031 437
4 11250 413
3 24173 579
5 29918 368
2 19631 456
5 14188 196
3 26149 547
2 3973 645
4 18429 378
4 21959 637
5 14544 164
2 10271 662
3 20941 981
1 20007 295
2 25960 350
4 24204 977
1 8183 525
4 6782 427
1 6600 609
2 4174 559
5 27924 845
1 2359 346
2 26501 208
1 15671 563
1 5451 153
3 5346 959
2 11868 863
4 18103 686
2 9476 653
5 16338 53
4 2828 609
5 29644 562
2 21255 632
5 579 816
4 22600 516
5 23679 227
5 19574 209
2 5975 922
3 18817 62
3 23081 186
1 10185 342
3 25167 924
3 17162 215
5 90 277
1 25336 710
3 19931 243
3 25299 909
2 22 419
3 28269 800
3 8072 249
2 29557 402
2 9500 548
1 19605 926
5 14400 775
5 19794 566
5 26890 996
5 1903 962
1 20378 729
1 28261 379
5 23007 211
2 21689 105
3 26178 156
4 13867 744
1 1169 257
1 13521 482
1 22740 753
3 16230 998
3 24873 924
5 3402 81
5 11858 862
1 2909 3
1 28388 949
5 17586 788
3 11378 129
5 23517 908
1 29515 516
5 2311 389
4 7499 662
3 9406 575
1 18833 734
2 28012 728
1 28715 855
5 24809 284
5 4317 291
4 5689 389
3 15953 636
1 6868 73
3 28889 972
3 9317 178
1 10224 208
5 8722 346
1 19036 909
1 3832 309
2 8341 786
3 8266 189
2 14761 208
3 15620 966
3 5199 177
3 23634 250
5 2518 252
2 26380 593
2 7150 429
3 3822 682
4 13442 531
5 12867 81
2 1580 727
4 59 519
5 3901 880
3 26424 829
4 26092 457
2 27382 45
5 15320 449
2 324 127
2 28624 157
4 27539 377
2 13350 950
2 13747 70
5 21937 237
2 28961 795
3 13265 92
3 17731 242
1 2299 818
1 25176 942
4 18517 530
1 2177 854
3 4338 734
2 416 427
2 4594 744
2 28864 935
3 16440 649
4 26677 959
2 20836 212
4 8902 954
2 24986 703
2 15739 822
5 23275 115
3 5376 230
3 9504 374
3 7694 514
5 24958 586
4 7419 87
2 16906 543
3 29795 658
4 29470 427
5 4785 152
1 10904 813
5 3523 919
4 8034 220
5 1017 897
3 9272 431
3 26430 975
1 7569 210
2 19912 633
3 29523 449
2 28150 993
5 22096 279
1 14663 1
5 26735 389
2 21229 283
3 8086 310
3 7616 497
2 12360 363
5 18059 485
4 23554 214
5 2745 918
4 17217 480
1 4420 218
2 16026 392
3 29828 180
1 1640 822
3 10294 468
5 22505 101
1 26615 114
3 11648 678
5 18293 977
3 5606 691
4 17952 54
3 18069 889
2 837 245
4 21607 606
1 1344 907
1 20287 263
4 17713 567
2 255 7
4 10490 854
5 9696 192
2 13386 563
4 28819 833
1 3867 767
3 12681 512
2 29419 80
5 13385 122
1 24607 435
3 1080 175
4 8137 339
2 6502 409
4 7038 215
2 27078 685
5 22238 912
4 4720 311
5 7531 211
5 3330 102
1 27604 693
4 13457 75
1 5971 990
4 28725 819
3 7720 116
4 29635 589
2 2478 928
4 1027 337
3 5045 144
3 20642 327
5 12479 937
3 11610 993
1 21110 931
4 20242 339
3 2734 29
5 26232 912
1 20539 689
4 24269 765
5 17131 384
4 11929 317
2 20227 892
3 11909 652
1 2727 909
5 23606 90
2 14534 6
1 25653 358
2 1435 300
1 6881 695
2 6741 444
1 13285 77
2 8172 551
1 19681 38
4 8565 890
1 26976 741
4 13545 634
3 10575 649
4 26618 878
1 29928 916
3 20833 192
4 2839 751
2 22345 220
5 20973 248
1 29195 121
3 17088 938
2 19955 461
4 28094 248
4 6130 933
4 21512 304
4 24302 844
4 20288 64
2 5748 748
2 15772 269
3 23515 656
4 26052 111
5 4950 539
4 340 430
4 19119 260
2 27118 433
1 4941 669
4 27293 806
3 27781 364
3 6060 116
1 19840 266
3 25931 57
4 19420 784
3 27334 576
3 27764 800
2 19834 735
2 23881 113
5 24357 911
4 28006 869
4 3116 396
1 7388 273
1 7646 968
3 3889 787
3 2467 553
5 2415 218
4 10812 308
1 25553 100
1 5391 593
3 22070 211
3 1203 832
2 10277 191
5 15023 606
4 18906 342
3 2804 141
2 20416 27
2 27772 864
5 21117 400
5 15689 71
4 18082 466
5 2051 429
1 9733 630
3 13910 555
4 19784 157
1 11510 510
1 23680 222
4 24936 756
4 4152 403
3 18623 694
4 24558 86
1 26241 774
5 2257 17
5 15806 954
4 4369 540
1 11697 118
5 22746 176
3 29122 78
3 15421 942
2 28971 233
4 4324 349
3 20179 75
5 17153 180
1 18347 202
2 26168 447
2 1238 296
5 23801 223
5 26429 601
3 24941 455
1 4646 347
2 9043 892
1 6183 302
1 19342 174
3 9125 224
5 24854 71
3 4140 626
5 29465 920
5 8434 39
5 16237 12
1 21745 253
4 14355 847
4 14954 422
1 29115 964
5 8962 263
4 757 839
4 16826 937
3 14114 236
3 19764 325
4 7174 350
1 6720 735
4 10855 58
1 29277 904
3 28077 339
2 25656 302
5 10541 985
3 25420 92
2 3485 26
4 18789 396
1 17148 515
5 23381 543
2 17288 578
5 18057 169
2 22025 146
4 1109 643
5 7221 874
4 19938 174
4 16512 628
1 14056 127
1 27746 673
2 2339 91
1 3719 503
5 18397 609
2 939 722
4 12126 904
3 7474 692
3 1064 278
1 3553 990
5 6437 602
1 27820 85
1 29949 469
5 2911 543
1 3104 173
4 26335 643
4 29463 277
5 18090 303
2 10736 184
5 1673 862
3 27086 248
2 13028 336
3 16066 649
1 20364 933
4 11741 494
2 27105 656
3 12456 461
1 5152 842
4 21202 233
3 20816 811
3 4541 493
1 5063 161
3 27012 388
4 2209 194
3 7564 937
2 25165 345
4 18535 412
5 7617 919
1 6133 490
2 8685 751
2 12291 301
1 1728 544
2 17263 883
1 9210 887
5 3331 63
4 406 115
3 12251 39
4 3802 740
5 22127 894
5 17162 402
5 7127 902
5 11235 508
4 29021 473
4 5238 474
3 14006 943
5 5594 971
4 18970 523
4 9108 539
1 11068 24
1 6140 807
2 15198 76
2 6461 893
2 4808 230
2 28182 700
3 19804 413
3 3207 742
3 12545 535
4 20624 64
5 15637 612
5 5057 645
4 7842 566
4 25646 24
4 1567 645
5 26831 271
4 8633 836
3 16572 637
3 29418 163
5 19111 732
1 21549 490
4 4659 859
1 29937 461
2 12842 625
5 11368 205
2 21181 694
1 4940 111
3 17309 997
4 8180 890
3 888 147
3 3013 303
1 24303 536
3 29034 346
4 14456 828
5 6398 797
5 28601 491
4 12192 545
1 29295 273
2 27327 155
5 9858 31
1 18195 13
5 9704 699
5 295 944
2 14738 143
4 22761 49
5 8399 435
2 7793 796
4 11908 750
2 27504 371
5 10469 809
1 3271 311
5 21981 426
4 29247 384
5 24380 99
3 29320 934
3 12915 44
4 17771 88
3 9802 40
1 14376 156
1 7548 988
3 1239 933
3 4385 388
5 20329 816
1 10550 28
3 16982 659
5 5983 870
4 6950 107
1 18090 663
5 12863 775
2 5601 727
1 11906 630
2 1805 392
1 1991 314
5 8325 700
3 3194 844
2 9129 662
1 19119 898
3 25451 605
2 9563 278
4 6508 420
5 27801 811
3 26882 493
3 23374 269
1 22850 656
3 29106 543
2 8616 602
5 8248 817
3 3196 932
3 29049 321
5 3691 743
5 3297 408
3 27899 367
5 24559 741
5 2102 524
5 27304 848
2 28627 351
2 19079 417
2 18988 943
4 14438 946
1 11066 732
2 26696 732
4 23828 221
1 11539 716
1 24446 546
1 28841 797
2 25537 85
2 27224 848
5 8805 780
4 7600 807
2 24587 128
5 9547 656
2 26067 624
5 14355 222
5 24024 377
1 26195 922
1 5488 924
1 4928 26
4 23485 71
3 4866 6
4 25009 544
5 22859 833
3 25155 197
5 2592 181
1 8927 157
2 12033 189
4 19372 208
1 22175 182
4 7068 707
1 27550 945
3 24549 585
3 12376 537
3 6511 463
2 26878 483
3 8430 34
4 12177 392
1 22662 856
5 15748 916
3 13562 162
1 2350 751
1 6643 30
5 24705 652
1 8877 257
2 11503 536
3 26548 833
5 16763 37
3 16851 585
2 14367 483
1 2691 386
3 26366 444
3 16452 373
2 11204 990
3 1832 332
3 22228 475
1 25498 738
2 18828 549
1 16187 827
5 6117 85
3 12922 35
5 5073 376
4 27933 671
3 20084 530
4 22847 284
4 7414 832
3 3583 570
5 1108 198
4 17789 380
5 29410 547
3 24304 401
2 28029 350
5 26563 327
5 28835 180
1 2155 634
3 16724 81
1 5395 617
3 10105 505
5 4111 820
3 11626 638
5 2248 875
1 22986 296
1 4655 924
2 13049 810
4 28218 754
1 2742 844
4 26768 903
5 28934 222
3 11763 107
2 8852 417
2 6992 458
2 7760 378
3 27558 390
4 27687 917
2 23114 822
3 1263 305
2 9807 934
4 25733 503
3 10191 262
3 9334 882
4 1809 770
4 20870 408
1 8408 881
4 18541 138
2 23239 429
1 15799 251
2 875 395
4 14492 182
5 22827 491
4 14020 520
3 26589 158
1 17192 550
1 21586 187
4 10589 918
