60000 60000 6000
4 59992 131
1 59992 190
1 59991 166
3 59991 94
3 59992 56
3 59991 100
3 59991 14
3 59992 138
3 59991 12
3 59992 25
4 59991 127
1 59991 43
3 59990 116
1 59991 92
4 59990 77
4 59991 73
1 59990 11
4 59990 19
2 59991 165
4 59992 1
3 59993 123
1 59990 93
3 59993 183
1 59990 175
3 59991 145
2 59990 16
1 59990 61
1 59993 155
3 59992 25
3 59990 4
3 59993 149
3 59990 168
4 59993 170
4 59990 6
2 59993 20
2 59993 169
2 59993 178
2 59992 67
4 59990 175
1 59991 178
2 59992 122
1 59993 81
3 59992 96
1 59991 110
3 59990 7
1 59992 151
3 59992 87
1 59992 145
1 59993 167
3 59991 105
3 59992 91
2 59993 182
2 59991 104
1 59990 86
2 59993 92
3 59991 108
4 59991 83
1 59990 124
3 59992 153
4 59992 11
4 59992 40
1 59992 3
1 59993 14
2 59992 56
3 59992 105
4 59991 116
4 59991 149
2 59991 126
4 59993 157
3 59992 32
1 59993 35
3 59990 6
4 59993 123
4 59991 93
4 59991 178
1 59991 48
1 59991 85
1 59990 111
3 59992 5
1 59992 64
3 59992 133
1 59992 182
1 59992 125
1 59990 86
2 59992 152
2 59992 145
2 59992 86
4 59991 80
4 59992 12
2 59993 78
4 59993 132
4 59990 128
3 59991 54
4 59992 121
2 59993 54
2 59990 117
3 59992 21
4 59993 20
3 59993 83
4 59993 70
3 59990 40
1 59991 98
4 59990 17
3 59992 105
3 59990 149
3 59991 71
3 59992 57
1 59990 42
3 59991 107
1 59993 184
1 59991 96
4 59991 36
3 59993 131
2 59992 81
2 59990 119
1 59993 48
4 59993 179
4 59990 125
1 59991 72
2 59990 162
3 59990 88
1 59992 78
3 59991 163
3 59991 150
1 59993 55
2 59993 152
3 59991 33
4 59993 96
2 59992 102
2 59990 157
4 59992 127
3 59991 103
1 59990 132
4 59991 83
3 59990 41
4 59992 188
3 59990 189
4 59991 165
3 59990 17
2 59991 191
1 59993 68
3 59992 81
4 59992 18
4 59990 89
4 59990 186
2 59992 141
4 59990 24
1 59992 103
4 59991 69
3 59991 57
2 59990 45
1 59991 73
2 59991 61
1 59993 107
1 59990 59
3 59990 156
4 59993 24
4 59991 155
4 59991 17
4 59990 132
3 59992 83
3 59992 33
2 59993 110
3 59990 119
1 59992 184
2 59993 175
2 59992 171
3 59990 108
3 59993 53
3 59990 32
1 59992 147
1 59990 20
3 59993 120
3 59990 6
2 59990 176
4 59993 150
2 59991 127
1 59991 25
2 59990 113
2 59990 12
1 59990 53
3 59991 153
3 59992 19
4 59992 114
3 59993 48
2 59990 159
3 59991 192
2 59991 5
1 59990 80
1 59993 12
3 59990 112
3 59993 106
2 59992 42
4 59993 158
4 59991 113
1 59992 69
1 59993 134
4 59993 63
3 59992 75
1 59993 35
4 59992 180
1 59991 106
3 59990 156
1 59992 90
3 59991 137
4 59990 106
1 59992 175
4 59991 177
4 59993 54
1 59990 14
2 59990 116
1 59992 155
2 59990 81
1 59993 27
3 59991 174
3 59992 128
3 59991 22
4 59992 131
2 59990 39
1 59992 123
1 59992 33
1 59993 151
1 59993 28
4 59992 13
2 59990 110
1 59993 199
1 59990 168
2 59992 54
1 59992 156
3 59993 5
2 59991 97
1 59990 174
3 59992 78
3 59993 142
3 59992 162
3 59990 178
1 59990 4
1 59993 119
2 59992 34
2 59991 128
2 59993 124
4 59992 138
2 59992 161
1 59991 120
3 59991 93
1 59991 127
2 59991 149
4 59990 169
4 59991 46
3 59992 105
3 59993 73
4 59992 105
2 59992 10
2 59993 88
4 59992 122
1 59991 31
4 59990 23
1 59990 99
4 59993 194
2 59992 13
4 59992 143
1 59990 57
2 59992 176
4 59990 3
3 59992 71
2 59991 119
4 59993 181
3 59990 19
4 59993 32
4 59991 155
3 59991 87
2 59990 161
1 59993 78
4 59992 104
1 59993 144
2 59992 166
1 59993 53
2 59992 92
1 59990 177
2 59992 19
2 59992 3
1 59993 83
2 59993 166
3 59993 146
1 59993 19
2 59992 58
4 59991 24
3 59993 60
3 59990 8
2 59991 153
3 59991 19
2 59990 97
2 59991 33
1 59991 31
2 59993 126
2 59990 9
3 59992 158
1 59991 103
2 59991 91
4 59991 178
1 59992 38
2 59993 89
3 59990 94
2 59991 26
3 59990 12
2 59991 33
3 59992 182
2 59990 196
1 59990 148
3 59992 86
2 59990 103
2 59992 138
3 59991 22
1 59992 197
3 59990 28
1 59990 17
2 59992 121
4 59993 27
2 59992 154
4 59990 13
1 59993 141
4 59990 177
4 59991 57
3 59992 153
2 59991 97
3 59992 151
1 59991 180
1 59992 101
2 59991 122
4 59992 107
1 59992 176
2 59992 43
1 59991 186
2 59991 112
2 59992 163
4 59992 114
3 59992 187
3 59992 111
1 59991 132
2 59991 140
1 59992 108
3 59992 90
4 59990 127
4 59990 124
2 59990 166
2 59993 117
4 59993 163
3 59991 124
2 59993 137
4 59990 67
1 59991 129
3 59990 126
3 59990 49
1 59993 73
2 59991 22
4 59993 48
4 59991 74
2 59990 86
3 59992 121
4 59991 14
3 59990 12
2 59991 182
3 59991 121
3 59991 45
1 59992 176
1 59993 109
1 59993 127
3 59991 24
1 59991 48
1 59991 95
1 59991 111
2 59991 75
4 59991 78
1 59991 62
1 59993 175
2 59992 121
4 59990 37
2 59991 118
1 59991 5
1 59993 85
2 59991 125
4 59992 9
3 59992 129
2 59992 60
3 59993 89
3 59991 26
1 59990 158
2 59992 1
2 59992 83
4 59990 181
1 59992 16
4 59992 29
1 59991 154
3 59991 180
4 59993 129
2 59991 104
4 59990 46
3 59991 194
4 59992 148
3 59993 55
1 59991 95
1 59991 101
1 59991 72
3 59993 29
4 59992 38
4 59990 142
2 59991 143
4 59992 140
2 59990 155
3 59990 32
2 59993 64
1 59991 67
4 59993 186
2 59992 28
1 59993 124
3 59991 96
3 59993 113
4 59992 189
4 59991 15
4 59990 27
3 59992 35
1 59991 160
2 59993 141
3 59991 64
1 59990 172
1 59993 184
1 59991 20
2 59990 122
3 59990 75
4 59993 157
3 59993 181
4 59992 167
3 59992 124
1 59992 131
4 59993 163
2 59992 5
3 59993 160
4 59991 3
2 59991 23
2 59991 136
2 59991 147
2 59990 136
4 59993 180
4 59992 34
4 59993 92
4 59992 88
1 59990 120
1 59991 136
1 59991 21
4 59991 106
2 59991 3
3 59990 126
4 59992 26
1 59990 145
3 59991 32
3 59992 157
4 59993 174
2 59990 159
2 59991 26
4 59993 115
1 59992 153
4 59990 187
4 59990 102
3 59993 30
2 59991 40
4 59993 71
1 59990 116
3 59990 195
1 59991 176
1 59992 82
3 59991 189
4 59990 81
4 59990 196
2 59993 65
3 59990 135
3 59990 102
3 59992 145
4 59990 46
1 59992 164
4 59992 19
4 59990 124
3 59991 9
4 59991 172
4 59990 98
1 59992 76
2 59992 47
2 59991 87
1 59992 35
1 59992 37
1 59992 97
2 59992 156
3 59993 15
2 59992 84
4 59991 111
3 59990 170
4 59993 137
4 59992 80
3 59992 77
3 59993 12
1 59990 92
3 59992 158
4 59991 136
2 59990 197
3 59990 198
2 59991 178
4 59992 3
3 59990 97
3 59990 28
3 59993 130
4 59990 36
4 59991 144
3 59992 54
2 59990 70
3 59992 118
3 59993 140
3 59992 49
4 59993 107
3 59990 183
3 59993 30
4 59991 73
3 59992 164
4 59991 3
1 59992 15
2 59990 100
1 59991 10
4 59993 94
4 59992 57
4 59990 178
1 59993 64
2 59992 173
1 59990 24
2 59990 41
4 59990 49
2 59991 30
4 59991 147
3 59990 182
2 59991 154
2 59990 148
2 59991 46
1 59992 12
4 59993 108
1 59991 42
3 59992 149
3 59992 173
1 59993 107
4 59993 47
3 59990 48
4 59992 35
1 59992 47
1 59990 102
3 59990 82
1 59990 52
1 59992 193
3 59993 138
3 59992 72
4 59990 43
4 59991 39
4 59991 57
4 59992 60
3 59990 142
1 59990 43
4 59992 175
4 59990 44
4 59990 197
4 59990 120
1 59990 76
4 59991 164
2 59992 12
1 59990 105
3 59992 97
1 59991 85
2 59991 154
4 59992 55
1 59990 110
4 59991 23
1 59990 73
3 59992 127
2 59990 70
1 59991 85
1 59992 58
2 59993 175
1 59992 131
1 59990 193
3 59992 106
4 59992 75
4 59992 52
3 59992 199
3 59990 88
2 59993 58
1 59991 190
1 59993 179
1 59991 39
4 59992 162
3 59992 105
2 59992 23
3 59992 40
2 59990 33
4 59993 109
2 59991 41
3 59990 106
4 59993 112
4 59993 159
3 59992 64
3 59990 103
1 59990 17
4 59990 88
3 59991 129
1 59992 15
4 59991 130
1 59992 113
3 59992 129
1 59990 156
4 59992 183
2 59991 87
4 59993 131
3 59990 157
4 59992 82
3 59993 116
2 59990 95
3 59990 34
2 59990 41
4 59993 135
4 59992 156
3 59991 36
4 59990 42
4 59990 11
3 59993 69
4 59990 23
2 59991 99
1 59993 4
4 59991 165
4 59993 67
1 59992 66
1 59990 153
2 59991 118
3 59990 156
1 59992 140
2 59993 198
4 59992 30
1 59990 119
2 59990 154
1 59990 30
4 59991 100
3 59993 90
2 59993 58
4 59990 197
1 59992 196
1 59991 46
2 59990 65
3 59991 172
3 59990 194
3 59990 171
3 59991 182
1 59992 85
3 59992 191
1 59993 171
2 59993 155
1 59993 161
1 59993 41
4 59993 2
2 59993 135
1 59990 146
3 59992 47
2 59990 29
3 59991 105
4 59992 197
3 59992 28
1 59993 195
3 59991 109
1 59992 35
1 59990 183
4 59993 96
2 59992 24
1 59991 75
4 59993 8
3 59991 33
1 59992 136
1 59993 184
1 59990 51
4 59992 49
4 59990 94
2 59991 32
2 59990 91
4 59993 194
1 59991 146
2 59991 195
1 59991 97
4 59990 181
1 59990 89
2 59990 20
1 59990 17
1 59990 65
1 59991 34
3 59991 78
1 59992 75
4 59992 118
4 59992 151
2 59993 57
3 59990 51
4 59993 57
2 59991 129
4 59992 95
3 59993 136
3 59992 62
3 59992 66
3 59993 100
2 59992 58
2 59991 57
3 59992 153
2 59991 94
4 59993 172
4 59991 142
2 59992 25
3 59992 137
1 59990 7
3 59990 108
4 59991 36
2 59990 25
4 59991 25
1 59990 186
3 59991 181
2 59992 103
2 59993 46
3 59991 152
1 59990 171
1 59993 159
4 59992 180
2 59992 146
1 59991 58
1 59990 75
2 59992 1
4 59990 40
3 59993 120
4 59992 112
1 59993 31
2 59990 178
2 59991 180
1 59992 25
3 59990 143
3 59990 98
2 59991 129
2 59993 68
2 59992 157
1 59992 141
3 59992 84
1 59992 156
4 59990 184
2 59993 144
3 59993 169
2 59993 29
1 59992 151
2 59993 44
2 59991 127
3 59991 118
3 59993 51
2 59991 105
1 59993 101
3 59991 144
1 59992 147
3 59993 179
3 59993 12
3 59993 188
3 59992 40
2 59992 36
2 59991 49
3 59993 193
4 59990 102
4 59990 12
4 59992 34
2 59993 12
1 59990 82
3 59991 171
1 59990 199
2 59992 77
2 59990 32
1 59991 61
4 59991 104
1 59991 89
4 59993 55
2 59993 6
2 59990 56
4 59990 71
4 59990 193
2 59990 53
4 59990 36
2 59990 164
4 59993 176
3 59991 126
3 59991 117
3 59993 131
4 59991 124
4 59992 167
1 59991 18
4 59991 84
2 59992 139
1 59993 196
2 59990 141
2 59990 78
1 59993 5
1 59993 94
4 59990 12
4 59990 180
1 59991 197
4 59992 44
2 59992 138
2 59991 161
1 59991 123
1 59990 72
3 59991 165
1 59990 26
3 59993 154
3 59990 146
1 59991 173
4 59990 80
4 59990 95
4 59991 97
3 59992 65
1 59992 55
1 59991 87
1 59990 88
3 59990 79
1 59990 163
3 59991 161
2 59992 53
3 59993 38
1 59991 43
1 59990 66
3 59993 16
2 59990 43
4 59991 185
4 59991 44
3 59993 68
3 59993 134
3 59993 33
1 59992 157
2 59992 8
3 59993 28
3 59992 63
4 59990 144
1 59991 153
3 59992 100
1 59993 107
1 59990 74
4 59992 1
2 59991 60
2 59991 42
2 59993 94
1 59990 5
1 59992 141
1 59990 120
2 59993 189
4 59992 52
2 59990 159
3 59993 192
3 59990 31
1 59990 175
3 59992 27
1 59992 36
3 59991 57
2 59992 37
1 59990 44
1 59993 127
3 59993 110
4 59990 172
2 59991 7
1 59990 120
3 59991 103
1 59992 127
1 59990 20
3 59993 183
2 59991 3
4 59993 98
3 59993 69
3 59992 56
2 59992 175
1 59992 147
3 59992 93
3 59991 76
1 59990 20
1 59993 150
2 59991 122
1 59991 173
4 59992 143
2 59992 66
2 59990 123
3 59993 168
4 59990 60
3 59990 115
1 59992 127
4 59991 103
3 59990 172
3 59993 186
1 59991 174
4 59993 102
4 59991 151
2 59990 181
1 59990 142
2 59990 20
3 59990 47
2 59993 179
2 59992 82
3 59993 21
3 59993 14
1 59992 145
4 59991 187
4 59990 26
4 59990 71
4 59991 196
4 59991 19
1 59992 112
2 59992 147
2 59992 199
3 59991 151
1 59991 60
4 59990 195
3 59990 93
3 59992 120
1 59993 175
2 59992 45
1 59991 87
2 59990 28
2 59990 20
1 59992 90
4 59990 54
3 59990 147
1 59993 112
3 59993 151
1 59993 21
3 59990 161
3 59991 129
1 59993 12
4 59993 168
4 59990 90
1 59991 10
3 59992 38
1 59991 79
2 59990 140
2 59990 61
4 59991 188
1 59990 122
4 59990 143
3 59993 32
3 59991 196
4 59992 19
4 59991 106
1 59993 18
2 59993 151
1 59993 170
4 59993 90
2 59990 194
3 59993 184
4 59990 134
2 59991 24
2 59990 98
3 59990 161
1 59992 162
4 59993 79
3 59990 159
4 59990 122
1 59992 10
4 59992 15
3 59993 160
2 59992 59
1 59992 29
1 59990 146
1 59991 150
1 59991 121
4 59993 82
2 59992 131
1 59991 137
3 59992 121
1 59993 77
4 59990 13
1 59993 157
4 59992 75
3 59990 78
3 59993 48
2 59991 167
2 59992 3
2 59992 47
4 59993 107
3 59991 183
3 59993 17
3 59993 111
4 59991 71
4 59991 41
1 59991 139
3 59992 3
1 59990 67
4 59990 73
2 59990 150
3 59990 159
2 59990 92
1 59991 65
4 59991 18
3 59990 167
1 59991 92
4 59993 130
3 59992 119
3 59991 102
2 59991 87
1 59992 108
1 59993 47
2 59992 79
3 59991 182
2 59993 62
4 59991 103
3 59990 39
3 59992 145
3 59993 147
4 59992 140
2 59993 198
2 59991 65
4 59993 123
2 59991 28
4 59991 11
3 59990 6
4 59991 186
3 59993 92
1 59990 5
1 59992 151
3 59993 90
3 59992 111
3 59991 16
2 59993 88
4 59992 114
1 59990 8
4 59992 47
2 59990 150
1 59991 61
2 59991 61
4 59993 41
3 59991 85
2 59991 101
4 59992 42
3 59992 118
4 59990 15
3 59990 35
4 59993 109
4 59992 6
4 59990 115
4 59990 1
1 59993 72
1 59992 120
2 59993 82
4 59992 108
2 59990 24
3 59993 167
2 59992 105
2 59993 75
3 59992 70
1 59990 172
1 59991 48
4 59993 32
4 59991 110
3 59992 100
3 59990 124
4 59992 57
4 59992 104
4 59990 91
3 59990 133
3 59990 95
2 59992 117
3 59993 196
1 59992 20
3 59990 172
3 59992 136
3 59991 81
3 59991 125
2 59991 172
4 59990 128
3 59993 46
1 59993 109
2 59993 107
1 59993 77
3 59993 172
4 59991 66
2 59992 73
2 59991 98
1 59993 199
2 59992 85
2 59991 93
4 59993 144
2 59991 156
1 59990 64
3 59991 79
3 59990 44
3 59991 147
1 59990 36
4 59991 8
4 59990 44
1 59990 187
2 59993 163
4 59993 88
1 59993 94
2 59993 45
4 59992 59
4 59990 18
2 59990 156
4 59991 24
2 59991 164
3 59990 125
1 59993 190
4 59990 140
2 59993 187
3 59991 12
4 59993 68
1 59991 177
1 59993 89
4 59993 6
2 59990 182
1 59990 51
1 59991 57
4 59993 143
3 59990 131
3 59992 55
1 59993 52
1 59991 77
2 59993 121
3 59991 126
1 59992 71
3 59993 91
1 59991 182
2 59993 65
4 59991 57
1 59990 183
1 59992 23
1 59992 57
2 59992 4
3 59991 125
2 59991 175
3 59993 64
3 59991 173
1 59991 70
2 59992 102
1 59991 31
4 59990 96
2 59990 79
4 59990 199
3 59992 17
1 59991 162
3 59991 5
4 59992 85
1 59993 126
1 59991 39
4 59991 117
4 59990 108
1 59993 3
1 59990 107
3 59990 147
2 59992 165
3 59990 11
3 59993 74
1 59992 123
3 59991 34
2 59991 161
3 59991 50
2 59992 94
1 59990 81
1 59991 100
3 59991 163
1 59992 42
4 59990 56
3 59993 8
3 59992 169
1 59991 133
3 59990 105
3 59991 84
1 59993 139
2 59991 173
4 59993 196
1 59991 101
3 59993 185
4 59990 128
4 59992 89
1 59991 135
1 59990 162
2 59992 164
4 59990 16
2 59991 166
4 59993 11
4 59993 88
2 59990 84
3 59992 92
4 59991 96
3 59990 182
2 59993 94
3 59993 98
1 59992 81
3 59991 162
2 59993 88
3 59993 71
4 59992 159
4 59993 77
2 59992 46
3 59990 47
2 59993 136
3 59990 62
4 59991 95
2 59993 174
2 59990 83
3 59993 57
1 59990 89
4 59992 189
2 59992 98
2 59993 163
4 59990 28
1 59993 35
3 59991 127
2 59993 86
2 59993 160
4 59990 37
2 59990 118
2 59991 182
1 59992 15
2 59990 173
2 59990 189
4 59990 99
1 59992 61
2 59993 197
2 59993 12
4 59992 110
2 59990 147
4 59993 9
1 59991 75
2 59992 156
2 59991 159
1 59991 86
1 59993 146
2 59990 27
3 59991 95
3 59991 8
1 59992 155
3 59993 103
4 59990 116
1 59993 170
2 59993 109
4 59993 150
1 59990 129
1 59991 167
2 59991 34
4 59991 191
3 59990 143
3 59992 174
4 59990 69
2 59992 20
2 59990 96
3 59993 3
4 59991 87
2 59993 35
3 59993 64
4 59992 67
1 59992 168
1 59990 166
3 59992 170
2 59992 2
4 59990 181
3 59993 172
3 59991 180
1 59993 184
3 59993 76
2 59992 115
2 59992 151
4 59991 67
4 59991 5
4 59991 22
1 59991 124
1 59993 34
2 59991 175
2 59993 27
1 59992 18
2 59993 195
4 59991 83
3 59990 177
3 59990 195
2 59990 93
4 59993 110
3 59991 192
1 59991 161
4 59991 30
1 59991 137
1 59990 23
2 59990 16
1 59992 40
4 59993 3
1 59992 180
2 59992 156
4 59992 45
4 59991 12
2 59990 121
1 59990 35
3 59993 38
4 59990 182
3 59992 11
1 59991 123
3 59992 105
2 59992 33
3 59991 17
2 59993 186
2 59990 146
2 59991 150
3 59992 161
4 59991 14
4 59990 65
4 59991 23
4 59993 83
2 59993 93
2 59990 166
1 59992 14
2 59993 82
2 59992 5
1 59993 112
1 59990 71
2 59991 30
1 59992 79
4 59993 99
2 59993 106
2 59992 19
1 59992 23
2 59991 45
3 59992 80
1 59992 54
4 59992 95
2 59991 159
3 59991 176
2 59991 122
1 59993 97
1 59991 195
2 59990 80
4 59991 151
2 59993 50
2 59991 10
3 59993 31
3 59993 25
4 59992 180
3 59990 63
4 59991 112
1 59990 173
1 59991 68
2 59990 196
4 59990 171
1 59991 194
1 59990 30
1 59992 87
4 59991 178
1 59993 51
2 59993 53
2 59991 92
4 59992 172
1 59992 135
3 59990 8
3 59993 130
3 59992 132
3 59991 41
3 59992 64
1 59993 93
2 59990 75
1 59991 11
3 59990 3
4 59993 38
3 59993 3
3 59991 150
4 59993 194
4 59990 61
3 59993 90
1 59992 88
4 59993 140
4 59993 89
3 59992 26
4 59990 155
3 59992 22
4 59993 45
1 59990 105
3 59993 31
1 59990 128
4 59993 86
1 59990 2
1 59992 139
4 59992 17
3 59992 97
3 59990 62
4 59992 92
2 59993 189
3 59991 143
4 59990 132
4 59992 123
4 59992 119
2 59993 57
1 59992 76
1 59991 80
4 59991 195
2 59991 4
3 59991 28
4 59991 11
2 59990 3
2 59992 36
1 59993 82
2 59991 128
2 59993 166
4 59991 189
1 59990 71
1 59990 37
3 59992 98
2 59993 27
4 59992 31
4 59991 114
1 59990 94
4 59992 195
4 59991 81
2 59992 72
3 59993 136
4 59991 191
2 59993 61
4 59993 52
2 59990 123
3 59993 118
4 59990 185
4 59993 2
2 59993 90
1 59993 164
2 59992 93
1 59990 3
3 59991 58
2 59993 178
3 59993 100
1 59991 21
4 59990 99
1 59991 174
2 59992 62
4 59991 43
2 59993 192
2 59992 34
3 59993 105
2 59990 196
4 59991 148
1 59991 71
4 59992 21
3 59991 194
4 59991 32
2 59992 51
2 59993 111
2 59991 23
4 59992 86
3 59990 30
1 59992 140
1 59992 171
2 59990 77
4 59991 94
1 59991 159
1 59991 10
2 59991 177
3 59991 1
2 59991 159
1 59993 146
3 59992 188
3 59991 129
3 59992 139
1 59991 198
2 59992 79
4 59992 115
4 59993 189
2 59993 32
1 59991 27
1 59990 125
1 59990 148
3 59990 99
1 59990 61
4 59990 178
1 59992 148
1 59992 168
3 59992 5
3 59990 163
3 59993 148
3 59991 133
3 59990 152
3 59991 199
3 59991 180
1 59990 101
1 59993 121
1 59992 33
4 59990 151
1 59993 15
3 59990 51
3 59993 17
1 59993 38
1 59993 93
2 59990 156
1 59992 14
3 59990 12
3 59992 162
3 59993 155
4 59993 78
2 59992 34
2 59993 128
4 59993 105
3 59991 47
3 59991 20
2 59992 177
2 59992 48
3 59990 29
3 59990 98
1 59993 162
2 59991 159
1 59990 139
2 59993 147
2 59990 131
4 59993 35
1 59991 84
2 59992 6
4 59991 165
2 59990 69
4 59991 199
1 59992 137
3 59993 40
4 59992 189
2 59993 35
1 59993 175
1 59990 15
4 59993 174
4 59992 56
4 59993 90
4 59993 28
4 59991 76
4 59991 116
3 59991 30
1 59993 145
3 59991 40
2 59990 62
4 59993 140
4 59992 155
4 59991 190
3 59991 58
3 59991 108
4 59990 73
3 59990 130
4 59992 13
4 59992 17
4 59991 64
1 59993 179
3 59990 19
3 59993 42
2 59991 153
4 59990 9
1 59993 125
1 59992 7
1 59991 54
4 59990 121
1 59990 38
4 59992 176
2 59991 89
4 59990 181
4 59993 23
1 59993 44
2 59991 57
3 59991 70
2 59991 120
3 59992 27
4 59992 1
1 59993 30
2 59993 166
2 59990 103
3 59991 170
1 59990 88
4 59993 119
1 59991 46
2 59991 83
2 59991 174
4 59991 29
2 59992 142
4 59993 102
4 59993 141
3 59993 1
3 59992 163
2 59992 147
4 59993 33
2 59991 32
4 59990 184
3 59990 121
3 59990 55
3 59990 172
3 59993 154
2 59990 106
2 59992 76
2 59992 120
3 59991 67
4 59993 68
2 59991 41
2 59991 116
4 59992 104
1 59993 151
3 59992 8
2 59990 51
1 59991 196
4 59990 92
2 59991 92
1 59993 180
2 59992 175
4 59991 170
3 59992 8
2 59990 132
3 59993 17
1 59991 88
3 59990 173
2 59990 171
4 59990 99
4 59991 131
1 59993 12
4 59993 168
1 59993 103
2 59993 143
2 59993 131
1 59991 41
2 59991 16
1 59991 158
4 59991 131
2 59993 115
3 59993 50
1 59993 51
2 59990 168
2 59993 127
4 59990 140
4 59993 91
4 59992 136
3 59991 98
1 59993 146
3 59993 75
3 59993 52
1 59992 146
3 59993 23
1 59990 31
4 59991 115
4 59991 142
4 59990 97
3 59991 94
3 59990 56
2 59992 81
2 59990 122
1 59991 196
4 59993 69
2 59993 179
2 59993 29
2 59990 191
3 59993 109
3 59990 34
2 59991 111
3 59990 175
3 59991 9
2 59991 16
2 59993 161
2 59992 84
3 59992 58
3 59990 139
2 59993 84
2 59990 118
4 59992 172
2 59991 62
2 59992 39
1 59990 154
4 59992 37
4 59990 107
1 59991 114
3 59990 77
2 59992 179
4 59992 78
2 59993 180
2 59993 140
4 59992 162
4 59990 29
2 59991 105
4 59990 3
4 59991 111
4 59990 19
4 59991 62
4 59992 69
1 59992 89
1 59990 79
2 59992 17
3 59991 24
2 59991 85
3 59991 38
4 59990 52
1 59991 1
1 59993 169
2 59990 115
1 59991 64
2 59991 96
3 59992 40
3 59993 13
2 59990 160
1 59990 61
1 59993 120
2 59990 197
4 59991 133
4 59990 9
1 59992 12
2 59990 148
3 59993 180
1 59993 59
2 59990 132
1 59990 50
4 59991 140
1 59992 98
1 59990 97
4 59990 61
4 59992 183
3 59992 190
4 59991 30
1 59991 64
1 59991 36
3 59990 178
1 59991 190
3 59993 3
1 59992 127
3 59990 123
3 59993 115
4 59991 37
4 59993 140
3 59990 36
4 59991 8
3 59992 64
1 59991 153
1 59992 102
4 59993 31
4 59993 75
3 59993 39
4 59993 36
2 59993 46
1 59993 74
3 59990 87
1 59993 11
4 59991 77
1 59991 118
3 59992 156
2 59991 169
1 59993 73
4 59990 55
2 59992 147
4 59991 90
4 59991 153
2 59990 26
1 59992 111
3 59991 89
1 59990 95
3 59993 117
4 59990 24
4 59992 189
1 59990 184
1 59993 88
1 59991 167
1 59992 44
4 59991 155
3 59990 135
2 59992 118
2 59990 17
2 59993 199
3 59991 72
2 59993 165
4 59992 25
4 59993 80
3 59991 121
4 59992 145
2 59993 144
1 59992 171
3 59992 171
1 59993 44
4 59990 24
4 59991 18
3 59992 167
4 59991 101
4 59992 39
4 59991 177
4 59993 159
2 59992 42
3 59990 10
2 59992 195
3 59992 72
1 59991 96
4 59990 96
3 59991 6
1 59992 37
1 59992 170
2 59990 143
2 59993 52
2 59993 133
4 59991 111
3 59990 52
3 59991 170
1 59991 38
3 59991 52
1 59990 192
2 59990 91
2 59990 17
2 59992 55
1 59991 55
3 59993 20
1 59990 53
2 59991 132
4 59992 47
1 59990 178
3 59990 31
1 59992 112
3 59993 190
2 59991 57
2 59992 30
3 59993 23
4 59993 67
3 59993 172
1 59990 1
4 59992 114
3 59993 164
2 59992 159
1 59993 151
4 59990 48
1 59991 161
4 59991 90
4 59990 185
3 59993 83
2 59990 80
1 59991 12
2 59990 124
4 59991 165
1 59991 110
1 59990 120
2 59991 53
2 59992 71
3 59991 151
2 59993 63
1 59992 178
2 59993 156
4 59990 60
3 59990 37
2 59991 66
1 59993 151
3 59992 1
1 59991 10
3 59990 170
1 59992 187
3 59991 177
1 59993 79
3 59991 26
3 59992 78
1 59990 4
2 59992 43
2 59992 131
4 59990 129
1 59993 81
3 59993 86
4 59990 135
2 59991 157
4 59993 127
2 59990 54
2 59992 167
2 59991 71
3 59993 114
1 59992 118
3 59993 161
1 59991 18
1 59991 92
1 59993 162
2 59992 172
1 59990 90
4 59991 12
1 59990 184
1 59992 25
2 59993 183
3 59991 28
1 59993 158
4 59992 168
1 59992 43
3 59990 108
4 59992 33
1 59992 70
3 59992 6
3 59991 112
4 59990 44
2 59990 104
3 59990 195
2 59992 116
3 59992 38
2 59992 182
2 59992 52
4 59993 129
1 59992 64
2 59991 146
3 59993 114
3 59993 98
2 59993 26
4 59992 199
2 59991 171
4 59993 10
1 59991 50
1 59993 132
2 59990 35
3 59993 109
4 59993 24
2 59992 132
3 59992 117
3 59993 186
4 59990 30
2 59993 85
1 59990 6
3 59992 10
4 59992 194
3 59991 173
4 59992 80
3 59991 66
1 59991 23
3 59990 40
4 59990 27
3 59990 179
3 59992 192
1 59991 153
3 59991 142
2 59993 158
4 59992 155
4 59992 117
2 59992 65
3 59992 141
4 59990 4
4 59991 149
3 59990 189
2 59990 182
3 59991 197
2 59991 190
2 59991 86
1 59991 96
4 59992 169
1 59992 196
1 59991 99
3 59991 55
2 59992 48
3 59993 26
3 59991 162
1 59992 35
3 59993 27
1 59991 144
2 59990 193
1 59993 179
2 59990 22
3 59990 157
2 59991 115
4 59993 3
1 59992 177
2 59990 8
1 59992 183
1 59992 157
1 59992 164
2 59990 177
3 59990 17
2 59991 55
1 59993 63
2 59992 98
1 59990 123
2 59990 141
1 59992 88
1 59990 170
1 59993 190
1 59991 140
4 59991 5
1 59993 198
1 59992 25
2 59992 44
1 59990 85
2 59991 127
1 59992 119
1 59993 72
4 59992 156
1 59993 119
1 59990 1
4 59993 74
4 59991 95
3 59990 28
4 59991 123
4 59991 19
4 59991 109
1 59990 151
3 59991 3
2 59993 118
2 59991 9
1 59991 99
3 59990 131
2 59990 5
1 59990 164
1 59992 30
3 59993 162
3 59990 26
4 59993 116
1 59992 181
4 59991 151
4 59991 148
4 59991 71
2 59990 4
1 59993 179
3 59991 75
1 59991 184
2 59991 115
4 59993 129
1 59990 177
3 59992 9
1 59990 41
4 59993 195
4 59991 8
3 59990 47
2 59990 116
2 59992 59
4 59993 175
2 59991 108
3 59992 93
3 59992 86
1 59992 196
2 59991 76
1 59991 159
4 59990 83
3 59990 170
2 59990 167
2 59992 29
4 59992 127
4 59993 40
1 59993 163
4 59992 177
3 59993 187
3 59991 12
1 59990 61
1 59992 173
1 59991 44
1 59992 25
3 59990 77
4 59992 154
4 59991 23
2 59993 136
3 59990 148
1 59990 11
4 59991 177
1 59991 34
2 59990 28
3 59990 183
3 59993 46
3 59993 157
2 59993 52
2 59991 4
4 59993 123
2 59993 104
2 59990 178
3 59990 157
1 59993 125
4 59993 153
2 59990 8
2 59992 30
2 59993 169
1 59992 62
1 59990 43
1 59990 26
3 59991 133
1 59993 193
3 59990 101
3 59992 5
1 59993 190
1 59993 140
1 59993 16
2 59992 56
3 59992 105
4 59990 129
4 59990 111
1 59992 48
1 59993 119
3 59993 107
1 59991 132
3 59991 148
1 59992 144
3 59993 28
2 59992 169
3 59990 48
2 59993 193
2 59993 145
2 59993 78
3 59991 21
1 59993 33
1 59991 39
2 59991 6
1 59990 181
3 59990 192
3 59990 144
4 59992 47
1 59992 34
2 59991 191
2 59990 124
4 59991 39
2 59991 90
4 59991 153
2 59990 29
4 59992 62
1 59991 99
4 59993 171
1 59992 102
4 59992 124
2 59990 58
3 59991 191
1 59990 50
3 59990 55
2 59991 192
1 59991 88
4 59990 20
3 59991 183
4 59990 196
3 59990 168
3 59993 21
1 59993 75
1 59990 6
3 59992 146
4 59992 13
4 59993 90
2 59992 68
1 59990 175
4 59990 196
4 59990 108
3 59992 3
4 59990 135
2 59990 191
1 59990 3
2 59993 162
3 59993 96
2 59991 165
2 59990 142
4 59990 189
3 59992 153
1 59993 99
3 59992 94
1 59992 73
3 59993 81
4 59991 13
1 59993 156
1 59990 27
4 59992 148
1 59993 35
2 59993 155
3 59993 58
4 59993 116
2 59991 171
2 59991 166
3 59990 188
1 59993 1
2 59991 37
4 59991 133
4 59993 195
2 59990 56
4 59992 184
2 59993 39
3 59990 164
3 59990 5
4 59990 108
3 59993 56
2 59992 177
2 59992 58
2 59993 36
1 59992 1
4 59990 50
3 59991 97
1 59990 38
3 59990 68
1 59993 88
2 59993 8
1 59990 126
3 59991 49
4 59993 57
3 59990 109
3 59992 144
4 59992 8
4 59990 26
4 59992 123
3 59993 3
1 59990 183
4 59991 86
3 59991 43
3 59993 96
4 59990 135
4 59990 19
1 59990 188
3 59991 87
2 59992 151
3 59993 90
3 59991 121
1 59993 198
4 59990 171
2 59992 199
3 59992 98
1 59991 44
1 59992 53
4 59993 75
2 59993 6
3 59991 172
1 59992 108
3 59992 77
4 59991 191
1 59993 126
4 59993 191
4 59991 165
4 59993 17
2 59991 5
1 59991 2
2 59993 174
1 59992 179
4 59991 164
3 59991 112
2 59992 84
4 59993 17
4 59990 38
2 59991 88
2 59991 57
3 59992 153
2 59990 107
1 59991 134
3 59992 64
3 59992 186
3 59990 13
1 59992 104
3 59990 51
1 59993 29
1 59993 131
1 59992 44
4 59993 186
1 59992 90
3 59991 137
4 59993 119
1 59990 137
3 59992 71
1 59992 16
1 59991 61
1 59991 14
2 59993 98
2 59993 74
4 59992 161
1 59991 193
1 59992 100
4 59992 130
1 59991 165
4 59991 112
3 59992 80
3 59990 132
1 59992 179
2 59992 108
3 59992 80
3 59992 150
3 59991 198
4 59990 129
3 59993 8
4 59991 136
3 59993 51
2 59992 32
4 59991 136
4 59992 149
1 59991 50
1 59990 198
2 59991 188
1 59991 182
3 59992 2
3 59991 75
1 59992 144
2 59991 48
3 59991 118
1 59992 199
4 59990 8
4 59992 60
2 59991 76
2 59990 76
3 59991 124
4 59991 107
2 59992 141
2 59992 24
2 59992 75
2 59991 25
4 59993 20
3 59991 93
2 59990 51
1 59992 19
1 59990 170
3 59991 31
3 59990 53
1 59991 19
2 59993 170
4 59991 16
3 59992 15
4 59993 140
3 59993 132
3 59992 91
2 59990 112
1 59993 55
3 59991 125
2 59990 26
4 59990 131
3 59992 55
4 59993 62
3 59993 60
3 59990 176
1 59992 12
2 59990 161
3 59992 116
4 59993 85
1 59991 79
3 59992 2
1 59991 115
2 59993 18
2 59992 33
2 59991 181
4 59992 133
2 59990 152
4 59993 194
3 59991 81
3 59990 41
4 59993 188
3 59991 176
4 59992 32
4 59993 123
1 59992 30
1 59992 192
3 59990 155
4 59992 75
3 59991 68
1 59991 80
1 59991 122
1 59991 24
4 59990 194
4 59992 35
4 59991 183
4 59991 60
3 59993 145
1 59991 5
4 59990 198
2 59991 191
2 59992 116
3 59990 25
1 59991 23
3 59990 63
1 59991 152
3 59992 65
3 59991 98
3 59993 176
2 59990 20
2 59993 77
1 59991 139
3 59990 189
2 59993 129
2 59990 170
2 59991 190
2 59990 159
1 59992 96
4 59990 140
4 59990 139
2 59991 89
3 59992 183
1 59992 178
1 59992 98
3 59993 158
2 59991 122
2 59993 17
3 59992 174
2 59993 49
1 59993 71
1 59993 116
4 59991 188
2 59992 172
1 59990 9
4 59991 9
2 59990 175
2 59992 100
1 59993 31
2 59990 128
3 59990 119
1 59993 101
3 59992 199
1 59991 121
1 59993 125
3 59992 181
1 59993 183
1 59992 39
1 59992 167
1 59990 186
2 59993 141
3 59991 8
2 59990 190
3 59990 137
3 59993 19
4 59990 184
2 59991 75
4 59992 50
3 59993 79
3 59991 162
3 59991 78
4 59991 75
2 59993 114
3 59992 98
4 59991 193
3 59993 146
4 59993 136
4 59992 105
4 59991 129
3 59993 108
2 59993 69
3 59993 109
4 59990 3
2 59992 147
3 59992 48
3 59990 76
2 59992 21
2 59991 8
1 59991 160
1 59990 45
1 59992 13
1 59992 193
2 59992 155
3 59993 53
4 59990 42
1 59992 57
2 59990 72
1 59991 12
4 59991 78
3 59992 155
4 59991 117
3 59992 68
2 59992 120
2 59993 14
3 59990 26
1 59993 174
2 59992 83
1 59990 66
4 59992 197
2 59992 48
3 59990 155
1 59990 118
1 59993 129
2 59992 183
4 59990 120
4 59992 199
4 59990 194
4 59993 111
3 59992 144
4 59991 8
4 59993 11
4 59991 85
2 59990 124
2 59993 145
4 59992 161
3 59993 140
3 59990 39
4 59993 156
3 59992 125
3 59990 179
2 59991 87
3 59993 60
4 59992 124
1 59992 194
3 59993 155
2 59992 71
3 59991 28
3 59991 178
4 59991 139
1 59990 65
2 59992 74
4 59992 166
4 59992 126
4 59991 88
3 59992 95
4 59992 126
3 59990 88
1 59990 91
3 59993 73
1 59992 53
1 59992 186
2 59992 152
4 59992 29
2 59990 21
2 59993 152
3 59993 36
2 59991 36
3 59993 55
3 59993 125
3 59993 27
3 59990 177
3 59991 80
1 59991 62
1 59991 195
2 59992 100
3 59991 137
1 59993 182
4 59990 119
1 59990 154
3 59993 199
2 59991 179
2 59993 40
1 59993 30
4 59991 126
3 59992 177
2 59993 194
1 59993 23
1 59991 138
4 59990 199
3 59991 130
1 59993 27
1 59992 36
2 59993 195
1 59992 184
4 59991 163
1 59991 39
2 59993 100
3 59990 114
1 59991 42
1 59991 195
4 59992 170
2 59991 138
2 59990 177
2 59990 19
4 59990 188
1 59991 75
2 59993 48
2 59992 156
3 59991 36
4 59993 65
2 59991 155
4 59992 46
3 59990 42
3 59990 37
2 59991 126
2 59990 11
3 59990 74
4 59992 145
2 59992 76
3 59991 113
1 59992 69
1 59990 124
3 59990 80
2 59990 191
4 59992 149
2 59993 118
4 59992 109
1 59992 82
2 59991 76
3 59990 192
4 59992 174
3 59991 152
3 59990 2
4 59990 76
4 59993 6
2 59990 139
1 59992 25
2 59993 173
3 59990 56
2 59990 88
1 59993 154
3 59993 86
2 59993 87
4 59992 37
2 59992 147
3 59993 40
4 59992 53
1 59993 45
3 59990 59
2 59990 27
1 59993 65
1 59990 82
3 59993 22
2 59991 80
3 59991 92
1 59993 117
3 59992 180
2 59991 125
2 59990 102
4 59990 52
2 59990 115
2 59990 31
1 59991 178
3 59991 162
4 59990 191
2 59993 189
2 59991 32
4 59992 197
2 59990 51
1 59992 123
2 59992 99
3 59992 125
2 59992 83
4 59993 194
3 59993 147
2 59990 2
2 59990 66
1 59992 28
4 59992 155
1 59992 28
1 59991 16
1 59992 87
4 59993 105
3 59992 60
2 59990 162
4 59992 8
4 59991 68
4 59993 161
2 59993 178
3 59992 7
3 59993 129
1 59991 67
2 59992 80
3 59991 137
1 59990 46
4 59991 144
3 59993 104
1 59992 118
2 59992 108
4 59990 190
4 59991 64
1 59993 36
2 59990 172
4 59992 61
4 59993 154
3 59990 146
2 59992 153
4 59993 114
1 59991 128
1 59991 126
1 59991 84
4 59993 33
4 59991 138
3 59990 88
4 59992 161
2 59991 100
4 59993 143
1 59990 101
3 59991 110
2 59993 27
1 59992 84
1 59992 154
2 59992 28
4 59990 16
1 59993 43
3 59991 148
3 59992 91
3 59992 172
2 59991 125
4 59992 56
3 59991 42
2 59990 122
4 59992 7
1 59992 46
3 59992 105
4 59990 66
1 59993 101
3 59991 136
3 59992 107
2 59992 17
3 59990 134
4 59991 188
3 59990 92
4 59992 12
4 59990 168
3 59993 97
1 59990 14
3 59993 83
3 59992 60
1 59993 46
3 59991 157
1 59991 23
3 59991 129
4 59990 98
1 59991 76
4 59993 43
4 59992 62
3 59990 199
2 59990 132
4 59992 176
4 59992 132
4 59992 49
2 59993 84
3 59992 90
3 59991 14
4 59993 68
4 59992 197
1 59993 68
3 59990 134
1 59991 47
4 59990 193
1 59991 126
4 59991 18
1 59990 74
2 59990 165
3 59991 22
2 59993 114
1 59990 45
4 59990 162
1 59993 121
2 59991 146
1 59992 1
3 59993 179
1 59992 55
1 59991 65
4 59990 10
2 59990 140
4 59993 63
4 59991 118
1 59993 81
3 59990 30
4 59993 160
4 59991 142
1 59992 171
2 59992 97
4 59992 45
4 59992 88
4 59993 74
2 59991 120
3 59992 70
3 59993 34
3 59993 89
2 59993 99
2 59992 127
4 59990 176
4 59992 150
3 59990 115
3 59993 165
3 59991 45
2 59993 50
3 59990 113
2 59991 151
1 59991 2
2 59992 114
1 59992 144
2 59990 38
3 59992 141
4 59993 74
2 59993 170
4 59993 150
3 59993 49
2 59992 174
3 59990 19
3 59992 148
1 59993 161
1 59993 175
4 59992 25
3 59993 140
4 59992 152
1 59990 19
1 59990 52
4 59993 77
1 59992 97
2 59991 135
4 59991 69
3 59991 44
2 59991 81
3 59990 75
4 59993 86
3 59991 155
1 59991 112
2 59990 37
4 59991 88
2 59990 63
4 59992 39
1 59992 170
3 59990 118
1 59992 16
4 59991 105
3 59991 81
3 59992 198
2 59990 146
3 59991 4
4 59993 173
1 59990 175
3 59991 85
1 59993 184
1 59992 187
3 59992 48
1 59991 119
1 59990 78
2 59991 86
2 59992 123
4 59990 116
1 59992 92
3 59990 74
2 59991 94
3 59990 1
1 59991 114
4 59992 180
4 59990 100
2 59990 55
4 59993 86
4 59991 22
3 59991 88
2 59993 196
1 59993 83
1 59990 176
4 59990 90
1 59992 73
2 59993 35
3 59990 1
4 59993 59
2 59990 189
1 59991 139
1 59992 156
1 59992 53
2 59990 27
2 59990 63
3 59993 122
2 59990 142
3 59991 143
4 59990 135
4 59990 72
4 59992 9
1 59992 83
2 59990 33
4 59991 109
4 59990 45
4 59993 159
2 59991 175
4 59991 36
4 59992 184
1 59993 127
4 59991 11
4 59990 116
3 59990 122
1 59991 199
4 59991 28
4 59992 24
2 59990 138
4 59992 34
4 59990 29
4 59993 80
2 59992 141
4 59992 109
2 59992 7
3 59991 129
3 59992 76
1 59991 17
4 59990 195
2 59992 103
3 59992 99
1 59991 6
2 59991 67
3 59991 101
2 59993 132
2 59992 98
1 59992 138
4 59991 198
2 59993 86
3 59991 150
1 59990 58
1 59992 88
3 59993 160
4 59991 29
2 59990 97
2 59992 111
4 59993 79
1 59990 116
3 59991 59
4 59992 173
3 59991 4
1 59991 108
1 59991 10
1 59991 147
2 59991 99
1 59992 45
1 59992 97
1 59991 12
2 59991 177
3 59990 1
2 59990 144
2 59991 80
2 59993 110
4 59990 91
3 59993 186
4 59993 124
2 59992 22
4 59991 108
3 59991 96
4 59993 23
4 59990 198
2 59991 62
2 59993 182
2 59990 172
3 59993 18
2 59992 106
2 59991 176
2 59991 49
2 59991 100
4 59992 4
1 59992 175
2 59991 94
4 59991 106
2 59993 179
3 59991 198
1 59991 36
3 59993 55
2 59992 132
3 59992 59
3 59992 51
2 59991 61
4 59990 167
2 59992 92
2 59992 134
4 59991 144
1 59993 137
2 59993 191
2 59992 29
3 59993 43
1 59990 45
3 59991 182
3 59992 55
3 59990 88
3 59990 108
2 59991 56
1 59991 156
4 59991 18
3 59992 44
1 59993 30
3 59993 133
3 59990 179
2 59991 135
3 59992 19
1 59993 167
1 59990 75
3 59991 159
3 59991 119
2 59990 5
1 59992 81
1 59991 69
1 59990 150
3 59992 177
4 59992 111
3 59993 86
4 59993 117
4 59993 153
2 59993 144
3 59991 33
4 59993 20
2 59992 143
1 59993 114
4 59990 75
3 59993 99
4 59991 84
4 59992 106
1 59993 138
3 59992 59
3 59990 104
3 59991 62
4 59990 72
3 59990 32
1 59991 11
2 59991 23
2 59991 199
1 59992 144
4 59990 58
3 59992 71
4 59993 162
2 59990 43
3 59990 122
3 59992 30
3 59992 131
3 59991 87
2 59991 38
4 59990 39
1 59992 52
2 59990 10
4 59992 47
2 59990 150
2 59991 46
3 59990 194
3 59990 134
4 59991 47
2 59992 176
4 59990 139
3 59992 61
4 59993 8
2 59992 169
1 59993 128
2 59991 6
1 59991 24
1 59993 35
3 59990 145
4 59992 77
4 59991 181
4 59991 136
3 59993 104
2 59993 35
3 59990 145
3 59992 102
2 59991 3
2 59991 126
4 59990 28
4 59990 50
4 59992 45
1 59993 34
4 59990 24
3 59990 164
2 59991 140
3 59991 101
4 59992 84
1 59993 177
3 59991 158
1 59990 184
4 59993 171
2 59993 152
1 59991 3
3 59991 168
4 59992 92
4 59990 93
4 59992 27
2 59990 1
1 59993 198
1 59993 143
1 59992 28
1 59992 142
3 59990 109
4 59992 176
4 59990 69
2 59992 20
3 59990 109
3 59991 136
3 59992 180
3 59992 196
3 59990 139
4 59990 192
1 59993 111
2 59993 159
2 59990 105
4 59993 21
3 59993 153
1 59990 81
3 59993 186
3 59993 58
1 59992 61
4 59993 15
2 59991 8
4 59990 147
4 59990 72
1 59993 62
2 59993 123
3 59992 194
4 59992 129
1 59992 7
1 59993 36
2 59991 130
3 59991 17
4 59990 77
2 59992 103
4 59992 129
2 59991 120
4 59992 143
2 59990 16
1 59990 71
3 59993 125
1 59991 174
2 59993 195
4 59992 78
3 59992 90
2 59993 147
3 59992 77
1 59991 171
3 59992 166
1 59990 182
4 59990 71
3 59991 17
2 59993 152
3 59991 26
3 59990 55
1 59991 76
3 59991 53
4 59992 13
3 59992 30
2 59993 182
2 59992 190
4 59992 37
4 59990 127
2 59993 104
3 59993 35
2 59993 152
2 59991 106
1 59993 76
1 59992 107
2 59993 133
1 59992 146
1 59992 79
3 59990 41
4 59990 7
1 59993 9
2 59993 186
3 59991 144
3 59990 177
1 59991 92
1 59990 183
1 59990 146
4 59991 102
2 59991 14
1 59990 108
2 59991 76
3 59990 136
2 59992 192
2 59992 133
1 59991 172
2 59991 138
3 59993 177
2 59990 32
1 59992 150
1 59992 168
3 59993 10
1 59993 32
3 59993 133
4 59993 179
3 59990 148
3 59990 180
4 59990 61
2 59990 37
3 59992 35
3 59993 17
2 59990 147
2 59991 102
4 59990 175
3 59991 169
1 59991 149
1 59990 20
4 59992 120
3 59993 190
2 59992 110
4 59991 44
3 59991 89
1 59992 100
2 59992 11
2 59991 126
1 59992 74
2 59993 60
1 59993 38
3 59991 86
4 59990 156
3 59993 193
2 59991 66
4 59991 161
3 59992 179
1 59992 68
3 59993 21
2 59992 173
3 59990 54
2 59991 185
3 59991 74
2 59990 23
4 59992 114
4 59993 81
3 59993 10
4 59993 196
1 59992 80
3 59993 14
1 59992 192
3 59990 100
4 59993 88
1 59993 160
2 59991 17
2 59992 165
4 59990 177
1 59993 165
4 59993 154
1 59992 43
3 59991 48
3 59993 175
4 59993 101
2 59993 83
3 59991 83
3 59992 167
1 59993 18
3 59992 93
1 59991 48
3 59993 55
3 59992 198
1 59991 33
3 59991 106
2 59992 43
4 59993 5
2 59993 94
3 59992 32
4 59991 118
4 59993 164
4 59992 186
1 59992 119
3 59991 183
2 59991 100
3 59990 100
2 59990 55
4 59993 89
2 59991 172
4 59991 98
1 59992 73
4 59992 68
4 59992 77
2 59993 158
3 59993 52
2 59990 196
1 59990 88
1 59992 8
3 59991 122
2 59992 24
2 59991 22
3 59992 5
3 59992 24
2 59992 12
1 59993 32
4 59993 123
2 59990 10
1 59991 27
4 59991 188
4 59991 132
1 59991 87
4 59992 58
4 59991 145
3 59992 24
1 59992 105
4 59993 171
1 59993 165
3 59990 108
4 59992 46
2 59993 188
4 59992 17
4 59993 130
2 59991 129
2 59993 55
2 59993 22
3 59992 143
1 59991 109
3 59990 5
4 59990 38
2 59992 25
2 59991 34
1 59992 108
1 59992 173
3 59991 82
2 59993 162
4 59990 129
1 59991 18
1 59993 95
3 59990 115
3 59992 115
2 59991 151
1 59991 73
1 59990 134
4 59990 70
3 59993 105
2 59991 4
1 59991 176
1 59990 135
4 59990 32
1 59992 147
4 59993 30
1 59991 103
4 59991 61
4 59990 34
2 59992 41
3 59991 124
3 59993 127
1 59992 127
1 59992 156
1 59991 184
4 59992 148
4 59993 194
4 59991 64
1 59990 28
2 59990 164
4 59991 123
2 59992 112
3 59993 51
2 59990 98
1 59993 86
3 59991 14
4 59991 58
2 59991 188
3 59991 89
3 59992 62
2 59990 33
4 59992 46
3 59990 29
1 59993 118
4 59991 115
1 59992 192
2 59993 188
4 59993 166
3 59993 50
2 59991 86
3 59990 169
1 59992 102
1 59991 94
4 59991 96
2 59993 179
4 59992 128
2 59992 22
1 59990 98
2 59991 139
3 59992 63
1 59992 128
2 59992 95
1 59991 108
3 59992 93
4 59992 89
4 59992 175
4 59991 114
4 59991 36
3 59993 68
3 59992 71
4 59992 8
3 59993 36
3 59993 89
2 59992 99
2 59991 112
1 59992 110
4 59993 44
4 59990 77
3 59990 13
3 59993 142
2 59990 192
4 59992 134
1 59993 58
3 59991 21
1 59991 86
3 59993 53
3 59993 72
1 59993 15
2 59992 31
4 59991 98
1 59992 7
3 59992 129
2 59991 70
4 59992 59
1 59991 147
4 59993 122
2 59990 129
2 59991 5
3 59990 158
4 59993 87
3 59991 180
2 59990 151
2 59991 184
2 59990 105
1 59992 145
1 59993 20
1 59990 126
3 59990 122
1 59991 63
3 59991 38
2 59993 135
4 59990 150
1 59993 124
1 59992 55
3 59993 12
4 59990 165
4 59992 153
3 59990 8
3 59992 80
4 59990 56
4 59991 51
2 59991 14
4 59993 50
1 59990 174
2 59991 193
2 59991 171
4 59991 156
4 59992 21
1 59993 199
4 59992 123
1 59993 33
3 59993 145
1 59993 98
4 59993 164
4 59991 129
1 59991 30
3 59990 167
2 59991 145
2 59990 142
4 59990 53
2 59993 150
3 59993 49
2 59991 184
1 59993 2
1 59993 32
3 59993 47
2 59991 66
4 59992 22
2 59991 43
3 59990 166
4 59991 163
1 59991 183
1 59990 100
1 59993 73
2 59990 85
2 59993 77
3 59990 49
3 59991 12
3 59991 154
2 59992 85
4 59992 42
3 59990 86
2 59992 144
2 59990 132
3 59992 93
2 59992 15
3 59991 163
4 59991 17
4 59991 198
4 59993 59
2 59991 192
3 59992 105
2 59990 33
1 59990 36
3 59990 50
1 59991 88
1 59993 93
3 59991 7
2 59993 112
3 59991 88
3 59992 30
2 59990 169
4 59991 59
3 59990 64
4 59991 187
3 59992 57
3 59990 9
3 59992 29
1 59990 136
4 59992 183
2 59992 150
3 59990 128
1 59993 79
2 59991 172
4 59990 45
3 59990 46
3 59992 68
4 59992 150
2 59990 158
2 59991 51
1 59992 167
2 59993 50
2 59993 164
1 59991 53
3 59991 96
2 59990 189
4 59991 120
2 59992 14
4 59990 42
4 59991 87
3 59993 15
1 59992 104
2 59992 58
1 59992 46
1 59992 166
3 59990 118
4 59992 26
2 59991 62
4 59992 69
2 59990 69
1 59993 113
3 59993 50
3 59991 53
4 59991 104
2 59991 16
3 59990 75
3 59992 172
2 59990 52
2 59991 52
2 59993 18
4 59990 116
3 59991 112
4 59991 196
2 59992 178
3 59993 199
1 59991 105
1 59992 56
4 59993 132
4 59991 89
1 59992 168
2 59992 88
1 59992 120
3 59992 135
2 59991 146
4 59993 81
1 59993 3
1 59993 190
1 59990 130
3 59991 20
4 59992 11
2 59990 126
2 59992 77
4 59993 39
3 59992 48
2 59991 162
3 59993 141
2 59991 94
3 59993 106
2 59992 168
2 59993 169
3 59992 127
4 59991 169
3 59993 106
4 59990 138
3 59991 51
1 59991 26
3 59991 191
1 59991 63
3 59990 190
1 59992 190
3 59992 63
2 59992 171
4 59990 130
1 59991 116
4 59992 104
1 59990 141
1 59993 25
4 59992 167
3 59991 111
2 59992 2
2 59991 95
3 59990 78
3 59990 189
1 59993 26
3 59990 76
1 59993 109
3 59993 13
1 59993 138
1 59993 165
2 59991 194
3 59990 168
4 59990 24
3 59990 41
3 59992 82
3 59990 129
2 59991 36
4 59990 115
4 59992 11
3 59991 40
3 59992 165
3 59990 61
2 59990 160
2 59991 96
1 59993 139
1 59990 34
1 59993 41
2 59991 108
1 59992 186
4 59991 195
1 59993 90
2 59991 124
1 59992 150
2 59990 12
2 59991 64
3 59990 131
2 59990 58
4 59993 174
4 59990 43
2 59990 160
3 59991 159
1 59993 149
4 59992 145
3 59993 53
3 59992 198
2 59993 13
3 59991 155
3 59991 142
1 59991 140
2 59993 151
2 59991 134
3 59993 44
2 59990 193
1 59991 76
2 59991 149
2 59993 146
2 59990 148
2 59991 64
2 59993 33
2 59991 34
2 59991 154
3 59992 183
4 59991 75
4 59991 15
1 59990 62
1 59990 75
1 59993 192
4 59993 4
2 59992 182
2 59990 70
1 59993 135
2 59992 123
2 59991 152
3 59992 138
3 59990 75
4 59990 3
1 59993 185
1 59993 191
4 59992 102
2 59993 197
1 59990 13
2 59992 131
4 59991 27
4 59993 198
3 59993 131
1 59990 111
3 59993 47
1 59992 102
2 59992 81
2 59990 177
1 59990 168
3 59990 110
1 59991 136
1 59992 147
3 59992 113
2 59992 36
3 59990 29
2 59993 45
3 59992 122
1 59993 197
2 59992 119
1 59991 185
2 59991 27
4 59993 80
3 59990 131
2 59990 141
4 59992 161
2 59993 150
1 59990 24
1 59990 116
2 59990 24
3 59993 146
3 59992 133
2 59991 139
3 59993 53
4 59991 125
1 59993 46
4 59992 84
2 59993 60
1 59992 111
4 59990 79
4 59993 123
2 59990 63
4 59993 47
2 59992 13
4 59990 14
2 59992 106
2 59990 181
3 59991 106
1 59992 199
3 59990 141
2 59993 86
2 59991 21
2 59993 66
3 59992 87
4 59990 105
2 59992 44
3 59992 50
3 59991 76
4 59992 30
1 59992 101
3 59993 152
1 59993 195
1 59993 129
3 59992 170
2 59993 2
3 59993 188
3 59992 176
2 59992 26
3 59990 165
1 59992 181
3 59993 12
2 59992 185
1 59992 74
4 59991 159
2 59993 66
2 59993 170
1 59993 77
2 59993 69
3 59991 169
3 59991 43
2 59993 129
3 59993 14
3 59993 39
3 59993 101
1 59990 172
2 59991 154
1 59993 92
2 59990 68
2 59992 2
1 59993 105
3 59990 57
4 59992 20
1 59992 48
1 59991 62
1 59993 185
3 59991 91
1 59993 158
4 59990 110
1 59993 105
1 59991 7
1 59991 130
3 59993 80
2 59990 81
3 59991 57
3 59993 93
1 59993 30
4 59991 199
3 59990 174
3 59991 186
3 59991 155
3 59991 24
2 59992 171
2 59993 160
1 59991 59
3 59993 196
3 59991 121
3 59993 115
1 59990 17
4 59993 161
4 59993 107
1 59993 143
3 59993 121
4 59990 56
1 59990 28
2 59990 88
4 59992 164
1 59992 69
4 59990 170
2 59992 94
4 59990 38
4 59992 37
2 59991 155
4 59991 59
3 59992 4
2 59991 158
2 59990 88
2 59991 58
3 59992 171
4 59992 88
3 59990 97
2 59990 48
2 59993 60
4 59990 124
4 59991 188
2 59993 26
2 59993 23
4 59993 75
2 59993 9
1 59991 138
2 59990 156
3 59990 60
1 59990 15
4 59990 151
2 59990 162
1 59991 30
2 59992 185
1 59991 157
1 59993 159
4 59990 135
4 59991 155
4 59992 195
3 59991 190
2 59990 96
3 59990 66
2 59991 91
3 59991 188
1 59990 28
3 59990 5
1 59992 25
2 59990 97
2 59993 114
2 59991 32
3 59993 31
3 59992 148
1 59992 35
3 59991 153
4 59993 153
2 59991 131
3 59990 95
2 59993 117
2 59990 183
1 59990 86
3 59993 51
2 59992 174
3 59990 6
3 59993 199
2 59990 30
3 59991 107
1 59990 111
3 59993 118
4 59993 135
4 59992 140
3 59990 138
1 59991 21
4 59993 116
4 59993 198
1 59990 143
1 59993 5
3 59992 197
3 59991 104
1 59992 157
3 59991 103
2 59990 125
4 59991 64
3 59990 129
1 59993 101
1 59990 46
3 59990 144
2 59992 80
4 59991 127
2 59992 78
4 59992 143
1 59990 190
3 59993 18
2 59992 30
2 59993 33
4 59992 44
3 59991 126
3 59991 38
4 59992 24
3 59991 191
2 59990 61
4 59991 57
4 59993 7
2 59990 141
1 59990 138
3 59990 64
2 59991 167
3 59991 119
2 59991 86
3 59990 123
2 59993 135
2 59993 183
2 59991 16
4 59993 37
4 59993 46
3 59993 13
3 59993 32
4 59991 79
3 59991 141
1 59992 52
4 59992 119
1 59993 90
4 59992 171
2 59992 87
3 59993 65
1 59991 155
3 59992 198
3 59992 134
1 59991 58
3 59993 32
2 59990 143
4 59993 161
1 59991 157
1 59992 41
1 59990 123
4 59992 98
3 59992 14
4 59991 105
3 59993 99
4 59990 3
4 59990 101
1 59990 25
2 59991 121
1 59993 75
1 59991 113
2 59991 28
1 59992 22
4 59993 181
1 59993 105
2 59990 130
1 59991 199
4 59992 81
1 59990 66
2 59992 5
1 59991 67
3 59993 67
1 59990 6
3 59992 73
3 59992 5
1 59992 57
2 59992 92
4 59991 156
3 59993 49
2 59990 171
2 59992 79
2 59991 195
4 59993 193
1 59993 76
4 59990 150
1 59992 192
3 59992 173
3 59993 64
4 59990 140
4 59992 157
4 59990 80
1 59990 5
1 59993 78
1 59991 84
3 59991 182
4 59993 53
3 59991 145
3 59993 16
4 59990 76
3 59991 66
3 59990 168
2 59990 193
3 59993 96
4 59991 85
3 59992 164
2 59990 69
3 59991 17
3 59990 155
1 59991 191
1 59992 131
4 59993 59
1 59990 76
4 59993 38
1 59992 172
3 59993 47
1 59991 131
3 59992 189
3 59992 85
4 59990 65
2 59992 182
3 59993 183
2 59990 184
1 59991 88
4 59993 156
4 59990 186
2 59991 47
1 59991 50
3 59992 92
3 59993 124
2 59992 171
1 59990 37
2 59990 189
2 59990 195
4 59991 136
3 59992 167
2 59991 71
2 59992 124
3 59990 101
1 59991 45
3 59992 103
2 59993 182
2 59993 159
4 59990 75
4 59992 76
4 59993 156
1 59991 116
3 59993 20
2 59990 159
3 59990 6
2 59990 166
4 59991 173
2 59993 173
3 59991 187
3 59991 4
2 59993 156
1 59992 179
3 59990 48
3 59993 60
4 59993 134
2 59990 171
4 59991 109
4 59993 108
2 59991 165
3 59993 6
4 59993 13
1 59991 170
2 59991 5
1 59992 146
2 59991 174
2 59991 138
1 59990 179
4 59993 193
1 59990 134
1 59990 90
4 59991 15
2 59993 126
2 59993 82
1 59991 164
1 59993 4
1 59993 82
3 59993 121
2 59991 164
4 59993 21
4 59991 75
1 59992 8
2 59992 51
2 59993 197
3 59990 166
3 59993 117
2 59991 180
4 59993 111
3 59992 94
1 59991 133
1 59993 125
4 59991 20
3 59992 185
1 59991 94
1 59993 149
2 59993 24
2 59990 143
3 59991 105
2 59990 164
2 59990 136
1 59992 14
3 59990 75
2 59993 187
1 59993 105
3 59992 196
2 59993 162
4 59993 79
4 59992 139
4 59992 156
2 59993 43
4 59992 72
4 59992 179
1 59992 65
1 59992 52
3 59991 146
2 59992 61
1 59993 58
1 59991 64
1 59991 151
1 59993 10
4 59990 133
4 59991 95
3 59992 151
2 59992 170
3 59990 105
4 59992 77
3 59991 128
2 59990 124
2 59991 142
3 59991 15
3 59992 155
2 59992 197
1 59992 48
4 59991 145
4 59992 135
4 59991 46
4 59991 98
2 59992 30
4 59992 3
2 59992 120
1 59992 97
4 59990 171
1 59990 76
3 59992 16
3 59990 109
2 59991 174
4 59992 137
4 59993 184
2 59992 10
4 59993 131
2 59990 157
1 59991 39
1 59991 34
2 59992 151
1 59990 44
3 59990 94
3 59991 19
1 59993 162
1 59991 1
3 59992 73
3 59990 25
4 59991 28
1 59991 158
2 59992 187
2 59993 134
1 59991 50
3 59990 147
1 59991 115
1 59990 132
2 59992 163
4 59991 51
4 59991 190
1 59992 161
2 59992 14
2 59990 12
4 59991 157
3 59990 56
2 59993 18
1 59992 129
4 59991 100
4 59992 14
2 59990 155
1 59993 198
4 59991 153
1 59992 193
1 59992 39
4 59991 38
4 59993 29
4 59992 98
3 59992 1
2 59990 186
2 59990 88
3 59992 184
3 59993 16
1 59992 46
3 59992 123
3 59993 76
4 59993 14
1 59993 6
3 59993 36
2 59993 86
4 59990 135
4 59993 168
2 59992 112
4 59991 97
1 59991 101
2 59990 75
1 59991 192
2 59990 10
3 59991 140
2 59990 90
3 59991 116
3 59990 93
1 59991 153
2 59993 47
2 59992 61
3 59992 154
1 59992 132
3 59990 117
1 59990 195
3 59993 138
3 59993 143
2 59992 63
2 59993 164
1 59990 96
3 59990 122
4 59991 73
1 59990 8
4 59993 57
2 59993 142
2 59992 53
1 59991 176
2 59993 188
3 59992 37
2 59991 77
4 59993 5
3 59992 84
2 59991 60
3 59992 92
3 59993 187
1 59992 181
3 59992 148
4 59990 2
3 59990 86
1 59993 162
2 59992 99
4 59990 95
1 59993 140
4 59992 102
1 59992 167
4 59990 111
1 59993 17
4 59993 177
2 59992 22
2 59990 151
1 59993 172
4 59992 192
4 59992 103
4 59993 76
2 59991 107
2 59990 151
2 59993 8
2 59993 33
4 59993 135
2 59993 110
1 59992 26
3 59990 49
2 59992 158
3 59990 136
4 59991 165
2 59991 173
4 59993 143
4 59991 98
3 59990 176
1 59990 4
3 59992 136
4 59990 8
3 59992 123
4 59993 69
3 59990 172
4 59992 8
4 59991 131
3 59993 171
4 59990 62
4 59992 190
1 59993 20
2 59993 93
1 59992 40
1 59993 189
4 59990 62
1 59993 145
3 59990 27
2 59990 126
2 59992 142
2 59990 9
2 59993 39
3 59991 111
3 59990 188
4 59992 137
1 59993 10
4 59992 63
1 59990 55
4 59993 99
3 59993 162
1 59991 185
2 59990 4
4 59991 139
3 59991 179
2 59992 129
3 59991 100
2 59992 176
4 59991 3
1 59991 75
4 59990 144
2 59991 17
2 59991 95
4 59993 152
2 59991 179
2 59992 53
2 59990 161
1 59992 99
4 59991 89
4 59993 42
1 59992 77
3 59992 62
1 59991 169
1 59992 23
1 59990 183
4 59991 13
2 59991 63
4 59993 91
3 59991 159
2 59991 199
4 59993 41
2 59991 178
1 59992 28
1 59990 122
1 59991 123
1 59992 72
1 59991 159
4 59991 96
3 59990 106
1 59991 165
4 59993 4
2 59990 79
1 59993 186
1 59993 83
4 59990 113
1 59990 80
3 59990 161
4 59992 23
1 59990 110
3 59992 33
3 59991 30
4 59993 115
1 59992 140
4 59990 52
2 59993 104
1 59992 55
4 59993 88
4 59990 124
1 59993 196
2 59992 60
3 59990 56
1 59992 104
4 59993 28
1 59991 116
1 59993 8
1 59990 60
3 59992 97
1 59991 116
2 59992 116
4 59990 78
3 59990 58
2 59993 141
1 59991 177
3 59993 74
4 59993 140
4 59990 26
4 59993 18
2 59992 176
3 59993 23
1 59993 31
1 59990 128
4 59990 76
3 59991 19
4 59991 56
2 59991 131
1 59990 7
2 59991 65
1 59990 189
3 59992 4
4 59990 170
4 59993 1
3 59991 100
4 59992 143
2 59991 107
4 59991 68
1 59992 75
3 59991 65
2 59990 124
1 59992 29
3 59990 124
4 59991 57
2 59993 100
3 59990 38
1 59993 98
3 59992 190
2 59992 196
1 59993 172
2 59990 54
3 59990 144
2 59993 143
4 59992 124
4 59991 28
3 59991 62
1 59991 119
4 59990 168
1 59990 64
4 59991 142
3 59993 67
2 59991 192
2 59991 141
2 59991 60
4 59993 145
4 59992 45
4 59992 130
4 59992 125
1 59993 30
4 59991 186
3 59990 39
4 59990 188
1 59990 9
1 59993 72
2 59992 196
2 59992 41
1 59993 151
2 59993 104
3 59991 171
3 59991 153
1 59991 52
1 59992 172
3 59990 102
1 59991 133
1 59993 135
3 59991 27
1 59990 60
4 59992 181
2 59993 87
1 59993 150
3 59992 36
2 59990 62
3 59990 165
2 59993 178
2 59991 57
2 59993 166
3 59993 199
1 59990 22
2 59992 67
3 59990 148
4 59993 13
4 59991 135
4 59993 192
1 59990 114
4 59990 112
4 59990 20
4 59990 110
4 59993 15
4 59990 59
1 59992 32
1 59993 179
3 59992 9
4 59992 33
4 59993 174
3 59992 136
2 59992 111
1 59990 59
3 59993 156
1 59991 50
4 59991 79
2 59990 4
1 59993 56
2 59991 34
2 59992 28
2 59990 195
4 59992 133
2 59992 26
2 59990 185
3 59991 143
1 59993 125
4 59990 93
4 59990 150
1 59990 61
1 59993 47
4 59991 5
4 59992 166
1 59993 139
2 59993 31
1 59992 125
2 59991 146
4 59993 21
4 59992 171
4 59991 117
3 59993 194
4 59993 114
2 59992 85
4 59993 63
2 59991 32
4 59993 184
4 59990 134
3 59992 17
3 59991 66
4 59992 116
2 59992 181
1 59990 173
2 59992 63
3 59990 88
3 59991 174
4 59992 32
1 59990 116
1 59990 13
1 59992 157
1 59992 81
4 59993 8
3 59993 96
4 59990 120
3 59990 172
1 59992 48
3 59990 16
2 59993 169
2 59992 168
3 59991 58
2 59992 196
1 59992 106
3 59991 108
1 59991 133
1 59991 198
2 59993 39
3 59991 48
3 59990 178
1 59991 54
3 59992 26
3 59992 172
4 59992 29
1 59993 167
1 59990 138
2 59991 169
1 59992 3
4 59990 17
3 59992 171
2 59993 95
1 59990 82
4 59990 2
3 59993 127
4 59991 87
4 59990 68
1 59991 161
1 59992 7
1 59992 23
2 59991 194
4 59991 19
2 59993 102
4 59990 151
4 59993 182
2 59990 172
3 59990 8
4 59993 123
1 59990 93
4 59990 163
1 59993 10
4 59992 178
2 59993 73
3 59993 80
1 59990 161
3 59992 48
1 59991 4
4 59990 60
3 59991 105
1 59991 124
3 59993 54
2 59991 120
2 59991 153
2 59991 196
4 59991 6
1 59993 160
4 59993 37
2 59990 121
1 59990 161
3 59992 53
1 59993 78
1 59993 174
3 59992 199
2 59990 101
3 59990 5
2 59991 2
2 59991 169
3 59992 124
4 59990 141
2 59991 131
3 59992 22
4 59991 139
2 59992 55
2 59992 95
4 59990 108
1 59990 76
2 59990 102
3 59993 19
3 59990 48
4 59993 68
1 59992 174
3 59990 162
3 59990 186
4 59991 108
2 59993 113
4 59993 30
1 59990 93
1 59991 67
1 59990 121
2 59992 75
3 59990 148
4 59990 104
3 59992 132
2 59993 114
4 59993 5
4 59991 41
1 59990 170
4 59992 144
1 59991 124
3 59992 54
4 59991 126
3 59990 111
1 59991 17
2 59990 186
1 59991 130
3 59993 10
2 59991 30
4 59992 147
2 59990 5
1 59992 25
3 59990 100
4 59993 65
4 59990 42
2 59993 135
2 59991 133
4 59990 135
4 59993 22
1 59990 132
2 59992 93
1 59993 182
3 59991 94
3 59990 116
1 59990 142
1 59992 116
4 59992 154
1 59991 3
4 59992 176
1 59990 111
1 59993 88
4 59993 177
1 59993 181
4 59990 52
4 59991 92
3 59993 142
3 59993 46
3 59990 152
2 59990 177
1 59992 89
4 59991 29
4 59990 127
1 59993 28
3 59990 76
1 59993 109
3 59992 26
1 59991 72
4 59990 59
3 59990 156
3 59991 44
4 59992 121
3 59990 183
3 59990 103
1 59993 64
4 59992 27
3 59993 87
1 59993 119
3 59990 74
2 59992 39
1 59990 18
4 59992 60
3 59990 152
2 59992 20
1 59990 129
2 59991 81
3 59990 107
3 59991 147
1 59992 149
4 59992 70
2 59992 170
1 59993 85
1 59991 173
3 59991 163
1 59992 39
4 59992 94
3 59991 184
1 59991 22
3 59993 15
4 59990 1
3 59991 137
3 59993 69
3 59992 33
1 59991 37
1 59993 100
4 59992 94
4 59991 91
2 59990 67
1 59990 106
2 59991 195
2 59993 80
1 59992 144
2 59990 46
2 59990 164
4 59992 50
1 59993 119
3 59990 84
3 59990 29
2 59990 105
1 59993 190
3 59993 24
1 59991 150
4 59990 128
2 59992 129
4 59992 87
3 59993 62
4 59991 17
1 59991 120
2 59991 163
2 59993 186
1 59992 93
2 59990 91
1 59992 108
2 59993 24
4 59990 160
3 59993 101
2 59991 30
4 59991 61
2 59991 67
4 59993 151
3 59993 197
3 59990 75
3 59992 117
2 59992 80
4 59990 182
4 59992 61
1 59991 197
2 59993 190
1 59991 70
3 59993 155
3 59991 38
1 59993 158
3 59991 67
4 59991 57
1 59993 37
1 59993 26
1 59991 66
1 59992 156
3 59991 78
4 59993 103
1 59991 103
2 59990 41
2 59991 85
4 59990 61
4 59990 110
1 59990 13
4 59990 101
2 59993 101
2 59993 93
2 59991 80
4 59991 59
3 59993 193
2 59992 145
3 59993 56
4 59990 150
4 59993 81
3 59990 20
3 59993 4
3 59990 182
2 59990 101
2 59992 130
3 59990 198
1 59990 9
1 59992 145
3 59991 189
1 59991 8
4 59993 21
4 59991 85
1 59993 194
1 59993 187
2 59991 118
4 59990 133
3 59993 35
2 59993 79
3 59992 119
2 59993 39
1 59991 58
2 59993 133
1 59992 93
2 59990 46
1 59991 111
1 59991 32
3 59992 28
1 59993 16
4 59993 86
1 59993 31
3 59990 35
1 59992 162
2 59991 72
1 59993 172
2 59993 36
3 59990 157
1 59990 175
2 59992 32
2 59990 146
3 59993 130
1 59993 13
2 59990 34
2 59993 51
2 59992 108
4 59991 57
3 59990 38
3 59992 47
3 59992 117
1 59991 146
4 59990 134
2 59991 30
2 59993 190
1 59991 57
3 59993 20
1 59990 40
2 59992 183
1 59993 115
4 59992 110
4 59993 117
1 59991 90
3 59990 145
1 59992 178
4 59993 116
4 59990 138
3 59991 114
4 59991 36
2 59992 75
2 59991 75
4 59990 81
2 59993 17
2 59992 194
4 59990 24
3 59991 146
2 59993 117
4 59990 27
2 59992 121
4 59993 87
3 59993 185
1 59992 58
4 59990 77
3 59992 83
2 59991 182
4 59993 45
3 59992 142
2 59992 177
4 59993 94
4 59990 75
2 59993 197
3 59991 85
2 59990 101
2 59993 10
2 59992 93
2 59992 179
3 59992 130
3 59992 188
2 59992 10
4 59993 121
4 59990 1
4 59990 51
2 59993 163
3 59993 184
4 59992 197
4 59992 15
4 59990 90
2 59993 32
3 59991 110
1 59992 60
4 59992 192
3 59991 123
4 59991 19
3 59993 129
1 59991 117
2 59990 169
2 59993 89
1 59992 189
2 59990 121
4 59990 108
4 59993 33
4 59992 54
4 59991 93
2 59990 180
1 59991 177
4 59990 44
4 59990 197
4 59993 133
1 59992 10
4 59992 86
3 59992 173
4 59991 180
3 59990 194
1 59992 28
3 59993 175
3 59990 161
3 59990 129
3 59991 194
3 59992 181
3 59991 161
1 59990 143
3 59990 42
3 59993 157
2 59992 32
1 59991 40
4 59993 61
4 59990 146
2 59991 74
3 59992 13
4 59993 153
2 59993 68
2 59993 104
1 59993 125
3 59990 113
2 59991 138
3 59990 70
1 59990 141
1 59993 33
4 59993 190
3 59993 87
1 59992 150
1 59993 29
3 59991 58
3 59992 92
3 59993 197
3 59991 151
1 59991 70
2 59993 165
4 59993 15
2 59991 84
1 59992 76
3 59991 166
4 59991 92
1 59991 99
1 59992 171
2 59991 87
4 59990 58
1 59992 151
4 59991 153
4 59991 125
2 59992 152
2 59991 135
1 59990 109
3 59992 154
1 59991 3
3 59990 168
4 59992 77
4 59992 55
3 59990 148
3 59993 162
1 59990 74
1 59991 41
1 59992 170
1 59991 135
2 59992 16
2 59992 195
3 59993 69
4 59993 156
3 59993 115
2 59991 10
1 59991 137
1 59990 96
4 59990 195
1 59993 73
4 59992 178
3 59991 199
4 59993 104
2 59992 181
4 59991 107
4 59993 61
3 59990 33
3 59990 192
3 59993 194
1 59993 114
1 59993 115
2 59992 183
2 59992 82
2 59990 13
4 59992 6
4 59991 8
2 59993 145
1 59993 130
4 59991 16
1 59990 168
2 59991 104
1 59992 16
3 59991 52
1 59991 56
1 59992 75
4 59991 5
1 59990 80
4 59992 22
1 59992 95
4 59990 189
4 59992 99
2 59991 49
1 59991 110
3 59990 143
4 59991 148
4 59990 8
3 59993 7
3 59990 58
4 59992 184
1 59990 56
1 59991 164
1 59991 95
4 59992 68
4 59990 14
3 59991 146
1 59992 64
2 59992 199
1 59992 121
4 59992 132
3 59991 185
4 59990 57
4 59993 20
4 59991 73
3 59991 111
3 59993 175
4 59992 15
2 59990 173
1 59992 10
4 59991 65
4 59990 28
2 59990 140
1 59990 192
1 59992 104
3 59990 124
2 59993 37
4 59993 164
2 59991 20
1 59992 177
2 59993 38
1 59991 46
1 59992 15
3 59993 77
1 59993 69
1 59990 142
4 59990 73
3 59992 117
1 59992 90
2 59993 152
1 59991 11
4 59990 189
3 59991 119
2 59990 191
1 59993 160
2 59992 109
4 59992 82
4 59990 64
4 59992 61
3 59991 41
4 59990 67
2 59993 40
3 59991 60
2 59992 52
2 59992 83
3 59991 18
3 59992 75
1 59991 191
3 59991 156
1 59990 127
4 59993 82
2 59993 123
1 59990 114
3 59993 145
2 59993 128
2 59992 79
2 59992 6
4 59993 172
1 59990 106
3 59992 172
2 59993 178
3 59992 50
3 59992 142
3 59990 188
4 59990 74
3 59992 19
3 59992 43
2 59990 184
2 59990 151
2 59990 181
1 59993 152
4 59993 3
4 59992 130
4 59990 65
3 59990 172
3 59993 18
2 59991 116
4 59990 159
3 59992 132
4 59991 157
2 59990 94
1 59991 172
4 59993 168
3 59993 120
2 59991 152
3 59993 130
3 59992 59
4 59990 31
2 59991 82
1 59993 39
3 59991 56
3 59992 191
4 59991 75
4 59991 63
4 59993 21
2 59991 118
1 59991 73
4 59992 8
3 59990 31
2 59993 19
3 59993 38
4 59992 53
2 59991 38
4 59992 42
2 59990 20
3 59991 190
1 59991 15
2 59990 50
2 59993 148
1 59990 142
4 59990 113
2 59991 2
3 59992 88
3 59991 87
4 59990 78
1 59990 138
1 59991 132
3 59993 60
2 59991 104
4 59992 46
1 59991 4
3 59991 57
1 59992 113
2 59993 152
1 59992 56
3 59993 173
3 59992 177
4 59991 31
3 59990 56
1 59993 177
4 59992 15
4 59991 153
2 59990 57
1 59990 60
3 59991 178
4 59993 121
4 59991 74
4 59993 53
1 59991 39
4 59993 140
4 59993 36
4 59990 192
3 59991 197
4 59992 47
2 59992 64
4 59991 106
3 59991 172
3 59993 181
1 59991 29
1 59991 180
2 59990 65
2 59993 59
2 59990 119
1 59990 111
3 59991 191
1 59992 113
4 59993 69
2 59992 129
4 59993 163
1 59992 15
1 59993 130
1 59990 152
4 59990 186
2 59993 65
2 59990 69
1 59990 113
3 59990 52
3 59991 157
1 59992 89
4 59992 92
3 59991 124
3 59992 177
2 59993 194
1 59993 38
4 59993 176
1 59993 106
2 59992 168
2 59992 151
1 59990 110
2 59992 53
1 59993 191
1 59993 29
3 59990 48
3 59993 128
2 59992 6
4 59992 36
2 59991 122
2 59993 14
4 59993 39
2 59991 121
1 59991 138
1 59990 121
4 59993 35
1 59991 21
3 59992 195
2 59993 82
1 59990 85
2 59990 109
4 59990 111
4 59993 108
2 59990 137
3 59993 19
4 59991 174
1 59992 92
3 59990 194
1 59993 22
2 59992 72
2 59991 81
2 59993 1
3 59991 100
3 59991 153
4 59993 62
1 59992 151
3 59992 160
1 59993 155
3 59990 121
3 59990 131
2 59992 138
4 59992 2
1 59991 32
1 59991 61
1 59993 74
3 59991 168
3 59993 5
1 59992 177
2 59991 184
3 59991 52
4 59992 142
1 59993 11
2 59990 2
3 59993 169
4 59990 135
1 59992 198
4 59991 40
2 59990 135
4 59990 137
1 59990 175
2 59993 95
2 59991 143
1 59993 52
4 59992 103
3 59991 162
3 59993 2
1 59990 142
1 59993 166
2 59992 33
1 59991 113
1 59993 49
4 59990 154
2 59992 88
4 59992 14
1 59991 92
1 59990 175
1 59992 108
4 59991 88
3 59992 158
3 59992 136
2 59991 171
2 59990 103
4 59993 163
3 59993 51
4 59992 146
4 59991 5
3 59992 45
3 59992 22
2 59990 75
4 59991 44
1 59991 98
1 59993 73
2 59991 100
1 59991 102
4 59990 193
3 59991 156
2 59990 117
2 59993 84
1 59993 2
3 59991 122
2 59991 17
1 59991 178
3 59992 102
3 59991 134
1 59991 21
4 59991 109
4 59991 168
4 59992 3
4 59990 9
2 59990 168
2 59991 57
1 59993 100
1 59993 39
1 59992 128
1 59992 178
3 59991 73
3 59990 114
4 59993 135
1 59990 133
3 59993 108
1 59993 52
2 59990 120
3 59991 169
4 59990 96
1 59990 175
1 59990 105
2 59990 135
2 59993 44
3 59991 47
1 59991 110
3 59990 153
2 59990 118
1 59993 129
1 59992 170
4 59992 186
1 59991 106
3 59990 33
4 59992 36
4 59990 19
4 59991 65
4 59991 18
1 59992 150
4 59993 105
3 59990 173
2 59991 53
3 59990 106
1 59990 165
2 59990 171
1 59991 26
3 59991 151
2 59992 178
4 59993 192
3 59990 84
4 59993 195
4 59993 23
1 59991 117
4 59992 48
3 59991 160
4 59990 5
3 59993 131
1 59992 174
2 59990 59
3 59993 90
1 59993 78
2 59991 144
3 59993 44
2 59991 47
2 59992 103
3 59991 149
2 59993 73
2 59992 148
3 59993 65
2 59990 62
4 59991 72
2 59990 26
4 59992 81
2 59992 174
4 59993 19
4 59990 174
2 59990 85
3 59991 162
1 59991 148
3 59992 91
3 59992 175
1 59991 104
2 59991 66
2 59990 146
4 59993 107
4 59990 107
2 59990 114
4 59993 112
4 59991 28
3 59993 188
4 59993 113
4 59993 40
2 59993 73
1 59993 199
2 59991 168
4 59991 61
1 59991 160
3 59990 78
1 59992 78
4 59993 80
4 59990 174
4 59993 176
4 59992 169
3 59990 161
2 59992 76
2 59991 193
2 59992 77
2 59993 22
3 59991 67
2 59991 163
2 59991 123
4 59993 79
3 59993 182
1 59990 61
1 59991 29
3 59992 14
2 59990 145
1 59992 12
1 59991 45
1 59990 73
4 59993 44
3 59991 92
4 59991 130
2 59993 90
4 59991 28
2 59993 62
1 59993 80
3 59992 111
3 59991 155
1 59992 29
4 59990 41
3 59993 72
1 59990 141
4 59990 25
4 59990 169
2 59990 16
4 59990 186
4 59993 171
3 59992 127
4 59990 166
1 59992 140
2 59993 62
3 59992 40
3 59992 3
4 59990 166
3 59990 120
1 59993 126
2 59993 22
4 59992 110
3 59990 14
2 59993 169
1 59992 168
3 59992 73
2 59990 35
2 59991 13
2 59992 146
1 59990 58
1 59993 101
2 59992 96
2 59992 27
4 59992 44
4 59990 63
4 59993 26
2 59991 36
3 59993 194
2 59993 94
3 59991 181
4 59993 70
1 59993 174
3 59991 136
3 59993 104
1 59991 55
3 59991 83
2 59990 41
1 59992 173
1 59992 107
4 59993 22
1 59990 27
2 59992 45
4 59992 151
4 59993 87
2 59992 182
3 59992 120
3 59993 1
3 59990 100
1 59991 159
1 59992 20
1 59992 171
1 59991 141
1 59991 125
1 59990 122
3 59991 40
1 59990 124
2 59991 153
2 59993 178
3 59992 186
3 59990 139
1 59992 109
2 59991 135
1 59993 109
1 59993 150
4 59992 149
1 59992 133
1 59990 172
4 59992 134
1 59990 124
4 59992 196
1 59990 46
4 59992 48
1 59993 185
2 59991 66
3 59993 105
3 59990 186
3 59991 191
4 59990 83
1 59990 150
3 59991 28
3 59993 157
3 59990 171
4 59992 182
3 59991 92
2 59991 24
1 59990 45
1 59990 136
3 59992 39
2 59991 137
1 59993 36
4 59993 142
1 59990 129
1 59991 91
2 59992 75
3 59991 148
3 59991 91
3 59990 170
3 59992 21
3 59990 43
4 59990 165
1 59992 73
4 59991 2
1 59992 131
4 59993 119
2 59991 107
4 59990 111
4 59993 108
2 59991 152
3 59990 57
1 59990 53
4 59993 130
3 59993 119
1 59991 124
2 59992 129
2 59992 60
3 59990 66
1 59991 109
4 59991 181
3 59992 153
1 59993 117
4 59992 87
3 59990 198
1 59992 22
3 59991 75
1 59993 58
4 59993 134
4 59993 191
3 59993 62
3 59990 113
2 59990 15
4 59990 25
1 59991 159
2 59990 50
4 59990 90
4 59991 43
3 59991 103
4 59992 165
4 59992 187
3 59993 184
4 59993 116
3 59992 198
4 59993 119
4 59993 14
2 59991 195
3 59990 57
2 59991 56
4 59991 85
2 59993 154
2 59992 36
4 59993 19
1 59990 81
3 59992 130
2 59993 82
4 59992 171
2 59990 34
1 59991 51
4 59993 117
3 59993 193
4 59993 96
4 59990 104
2 59993 100
3 59993 48
1 59992 111
3 59990 23
4 59992 132
4 59992 91
2 59993 122
2 59992 38
4 59993 9
4 59990 111
2 59992 22
4 59992 52
3 59991 136
2 59991 74
2 59992 149
1 59993 143
4 59991 184
4 59993 92
3 59992 35
2 59992 87
3 59991 178
1 59992 46
2 59990 125
4 59991 32
4 59992 68
2 59991 107
2 59993 88
2 59992 11
4 59990 83
2 59990 17
2 59992 181
4 59991 75
4 59992 15
4 59991 77
1 59992 113
2 59992 99
3 59990 42
2 59991 107
3 59993 144
1 59992 192
2 59993 130
4 59993 46
1 59992 119
1 59991 103
3 59993 94
4 59990 151
2 59993 118
2 59993 145
4 59991 98
4 59991 156
2 59993 51
1 59991 131
3 59991 158
2 59991 104
2 59990 150
2 59991 93
2 59993 122
2 59991 35
2 59992 43
3 59993 35
2 59990 11
2 59993 29
3 59990 111
4 59990 131
1 59991 85
2 59991 174
1 59991 32
1 59991 134
2 59991 74
3 59993 139
3 59991 147
2 59992 139
3 59992 113
1 59991 182
2 59991 15
1 59991 7
2 59990 89
2 59990 159
1 59991 165
4 59991 54
3 59991 131
1 59993 2
4 59992 168
2 59990 33
3 59990 129
4 59990 174
1 59993 48
1 59992 20
3 59992 36
4 59992 165
2 59990 84
4 59992 79
2 59993 177
2 59990 171
1 59991 76
2 59992 13
1 59990 130
4 59991 136
1 59993 61
1 59990 199
3 59990 109
2 59991 91
4 59993 150
2 59990 77
3 59992 146
1 59990 174
4 59993 111
2 59990 10
1 59992 153
3 59993 11
4 59990 4
2 59993 124
1 59993 115
2 59992 47
2 59992 92
4 59991 96
1 59993 189
2 59992 98
3 59991 143
4 59993 90
2 59990 68
4 59991 184
3 59992 105
1 59993 166
4 59990 60
4 59991 90
4 59992 93
2 59993 179
3 59992 155
1 59993 10
4 59992 199
1 59993 45
2 59991 16
1 59992 150
4 59991 95
1 59992 177
1 59991 8
2 59992 127
3 59992 113
2 59993 99
2 59991 26
4 59993 194
2 59992 41
1 59993 126
4 59993 70
1 59993 20
3 59993 136
3 59991 75
1 59993 197
1 59991 73
2 59991 197
4 59991 104
3 59992 179
4 59992 18
2 59993 114
1 59992 63
2 59993 181
3 59992 142
1 59992 74
2 59991 186
3 59990 32
3 59990 157
1 59992 165
3 59991 51
4 59992 167
3 59991 30
2 59992 198
2 59992 86
4 59991 153
3 59990 37
3 59992 98
2 59992 37
2 59990 14
1 59993 197
3 59990 151
2 59991 86
1 59991 78
1 59990 146
2 59990 150
3 59992 136
2 59991 164
2 59990 75
3 59991 99
3 59992 68
2 59991 193
4 59992 7
3 59993 21
1 59990 44
4 59991 64
2 59991 89
1 59990 32
2 59992 114
2 59991 144
2 59993 51
3 59991 75
3 59990 167
3 59993 132
4 59990 26
2 59991 146
2 59992 117
4 59993 40
2 59990 83
3 59990 180
4 59992 147
1 59993 133
4 59992 174
3 59992 26
3 59993 175
3 59992 151
4 59993 133
1 59991 177
2 59990 3
1 59993 109
1 59993 43
1 59990 42
4 59991 29
3 59992 66
3 59991 173
1 59992 47
4 59990 170
1 59991 187
4 59992 170
2 59990 75
3 59993 180
4 59991 97
2 59991 98
1 59990 146
1 59993 97
2 59990 122
1 59993 126
1 59991 42
4 59992 61
2 59991 114
1 59991 34
1 59992 111
4 59993 142
3 59992 109
4 59991 155
1 59993 57
3 59991 28
2 59991 138
2 59993 48
3 59991 63
4 59993 94
2 59992 118
4 59993 44
4 59990 150
4 59990 21
2 59990 175
2 59993 168
1 59992 153
2 59993 34
4 59991 129
2 59991 10
1 59992 21
4 59990 70
1 59990 141
4 59992 15
2 59992 173
4 59991 170
3 59992 8
2 59991 119
3 59991 55
2 59990 166
2 59990 12
2 59993 96
4 59993 2
4 59990 188
4 59990 190
2 59990 62
3 59993 84
3 59990 171
1 59992 23
1 59992 7
3 59991 142
3 59992 2
2 59993 32
1 59990 87
2 59990 169
2 59990 155
1 59992 128
4 59991 128
2 59991 179
3 59992 137
1 59993 156
3 59990 80
1 59991 12
4 59992 141
2 59993 180
2 59990 39
1 59991 186
2 59992 49
4 59990 164
3 59992 60
3 59991 84
4 59990 106
3 59993 132
2 59993 129
4 59990 84
1 59992 109
3 59992 102
1 59990 31
1 59991 102
3 59993 37
3 59993 48
1 59990 169
2 59993 132
1 59991 6
3 59993 193
4 59991 112
4 59990 190
4 59990 64
2 59991 34
2 59990 68
3 59990 48
2 59992 78
2 59992 97
1 59992 148
1 59990 171
2 59992 142
2 59992 195
4 59992 94
1 59991 5
3 59990 155
1 59992 128
1 59992 108
2 59993 14
4 59993 170
2 59993 185
4 59993 99
4 59992 189
3 59992 164
4 59993 152
4 59992 149
2 59992 123
3 59991 3
2 59993 13
3 59991 160
4 59993 68
4 59992 124
2 59992 71
2 59992 114
3 59993 114
2 59990 108
3 59990 182
1 59993 187
1 59993 42
4 59992 176
2 59993 96
4 59992 12
1 59991 191
2 59992 40
2 59993 86
4 59991 145
2 59990 149
4 59993 119
1 59993 197
4 59992 115
2 59992 23
3 59993 90
1 59992 81
3 59990 99
3 59992 63
1 59993 121
1 59993 41
3 59993 148
1 59992 95
4 59992 13
4 59991 27
1 59992 39
2 59992 1
4 59993 43
4 59991 75
1 59991 131
3 59992 105
1 59991 116
2 59993 179
3 59991 75
1 59990 8
1 59992 60
1 59992 106
4 59990 25
4 59991 174
1 59992 135
2 59991 13
4 59991 43
1 59990 126
3 59992 67
3 59993 54
2 59991 60
3 59993 92
3 59990 174
1 59990 48
4 59991 27
3 59991 40
4 59993 11
1 59991 65
2 59991 156
4 59991 102
2 59990 6
2 59991 83
2 59993 195
3 59993 174
1 59990 182
1 59993 104
4 59993 65
4 59992 52
4 59990 116
4 59993 112
1 59992 8
3 59991 36
1 59992 108
3 59990 190
4 59992 54
3 59990 53
4 59992 89
2 59992 175
2 59991 64
2 59990 149
3 59990 51
1 59991 100
1 59993 183
1 59990 23
3 59991 61
3 59992 57
1 59993 160
2 59993 80
4 59993 184
1 59990 169
4 59992 36
2 59991 102
1 59990 24
4 59993 81
1 59990 176
3 59993 110
1 59990 26
1 59993 40
3 59990 50
2 59990 78
3 59993 108
2 59990 19
2 59991 42
4 59992 121
3 59991 183
3 59991 90
1 59990 102
4 59991 133
2 59990 125
1 59992 44
4 59992 176
2 59992 96
1 59991 196
1 59993 125
1 59990 133
3 59993 48
4 59993 192
2 59992 47
4 59990 34
1 59992 190
3 59990 50
4 59993 42
2 59993 90
2 59990 18
4 59993 133
2 59992 136
3 59992 106
3 59991 140
4 59992 5
1 59991 175
3 59991 80
1 59993 39
2 59991 66
1 59991 161
1 59990 196
3 59990 55
1 59992 149
3 59993 40
3 59992 50
3 59993 79
2 59993 182
3 59992 44
3 59990 42
2 59993 57
1 59992 79
1 59990 16
4 59993 123
2 59992 164
3 59990 23
4 59990 192
3 59991 154
4 59990 21
3 59990 9
3 59992 19
2 59990 157
1 59990 109
3 59991 91
2 59990 190
1 59993 180
1 59990 80
